1 48879U 21059A   24170.62602476 -.00000106  00000+0 -36862-5 0  9998
2 48879  97.6615 294.8925 0000696 109.1422 250.9878 15.01266254164429
1 48880U 21059B   24170.82381930  .00005599  00000+0  44029-3 0  9992
2 48880  97.6613 295.0688 0000450 133.8838 226.2424 15.01247516164446
1 48881U 21059C   24170.61719740  .00000371  00000+0  33509-4 0  9999
2 48881  97.6600 294.8161 0001717  88.3178 271.8243 15.01267983164427
1 49131U 21082B   24170.34639283 -.00000170  00000+0 -64788-5 0  9990
2 49131  70.0001  41.2477 0003134 270.8514  89.2286 14.98335746152699
1 49132U 21082C   24170.78513696  .00000948  00000+0  87243-4 0  9999
2 49132  70.0000  80.1714 0002869 274.1696  85.9135 14.98329950151771
1 49133U 21082D   24170.17578371  .00000442  00000+0  44811-4 0  9997
2 49133  69.9998  81.6858 0002880 267.8498  92.2331 14.98334607151686
1 49134U 21082E   24170.17161278 -.00000099  00000+0 -54090-6 0  9994
2 49134  70.0000  81.7000 0002865 267.1005  92.9826 14.98334911152881
1 49135U 21082F   24170.34221910 -.00000781  00000+0 -57645-4 0  9999
2 49135  70.0003  41.2496 0003026 271.5786  88.5027 14.98338487152707
1 49136U 21082G   24170.80559972  .00001364  00000+0  12210-3 0  9997
2 49136  70.0001  60.0927 0002782 270.9271  89.1569 14.98332239152284
1 49137U 21082H   24170.86818794  .00001138  00000+0  10317-3 0  9999
2 49137  70.0000  59.9384 0003032 271.6984  88.3827 14.98331262152289
1 49138U 21082J   24170.83504260  .00001857  00000+0  16346-3 0  9993
2 49138  69.9997  80.0299 0002905 271.1818  88.9008 14.98321311151786
1 49139U 21082K   24170.80119232  .00000583  00000+0  56620-4 0  9997
2 49139  69.9993  40.0977 0003400 273.1413  86.9357 14.98326956152760
1 49140U 21082L   24170.88237334  .00001116  00000+0  11514-4 0  9997
2 49140  69.9961  25.8879 0003295 268.2528  91.8289 15.68869507153114
1 49141U 21082M   24170.49706895  .00000695  00000+0  66057-4 0  9991
2 49141  69.9994  80.8849 0002897 270.5879  89.4948 14.98330754152934
1 49142U 21082N   24170.85544005 -.00000927  00000+0 -69878-4 0  9999
2 49142  70.0003  39.9692 0003055 267.3686  92.7123 14.98340590152770
1 49143U 21082P   24170.86401616  .00001008  00000+0  92221-4 0  9998
2 49143  70.0001  59.9534 0002889 270.2585  89.8243 14.98329988152274
1 49144U 21082Q   24170.48872179 -.00000968  00000+0 -73304-4 0  9990
2 49144  69.9998  80.8855 0002661 275.8630  84.2226 14.98338610151738
1 49145U 21082R   24170.37142744 -.00000864  00000+0 -64598-4 0  9997
2 49145  69.9996  41.1781 0003068 266.2225  93.8583 14.98335736152695
1 49146U 21082S   24170.85984340  .00001184  00000+0  10699-3 0  9993
2 49146  70.0003  59.9667 0002970 272.9641  87.1178 14.98333122153442
1 49147U 21082T   24170.05015031 -.00000183  00000+0 -75508-5 0  9990
2 49147  69.9999  42.0064 0002978 269.8579  90.2239 14.98329010152657
1 49148U 21082U   24170.78473680  .00003483  00000+0  29956-3 0  9997
2 49148  69.9998  60.1345 0002992 263.8238  96.2581 14.98332601153390
1 49149U 21082V   24170.48455049  .00000517  00000+0  51137-4 0  9996
2 49149  69.9997  80.8995 0002977 272.1792  87.9026 14.98332016152920
1 49150U 21082W   24170.48037605 -.00000522  00000+0 -35944-4 0  9998
2 49150  69.9995  80.9133 0003058 270.4368  89.6441 14.98336069152928
1 49151U 21082X   24170.36309122  .00000328  00000+0  35256-4 0  9990
2 49151  69.9995  41.2066 0003049 272.6946  87.3864 14.98339227153890
1 49152U 21082Y   24170.07100513  .00000360  00000+0  37941-4 0  9991
2 49152  70.0002  41.9348 0003030 270.8903  89.1909 14.98335913153771
1 49153U 21082Z   24170.88881876  .00000368  00000+0  38620-4 0  9992
2 49153  70.0002  39.8890 0002987 266.8502  93.2315 14.98331934152764
1 49154U 21082AA  24170.44676571  .00000291  00000+0  32195-4 0  9995
2 49154  70.0003  60.9906 0002875 270.6249  89.4580 14.98333464153296
1 49155U 21082AB  24170.35056658  .00000361  00000+0  38086-4 0  9997
2 49155  70.0002  41.2506 0002980 268.2143  91.8675 14.98332492153772
1 49156U 21082AC  24170.06266641 -.00000020  00000+0  60874-5 0  9995
2 49156  69.9998  41.9626 0003047 268.1740  91.9070 14.98330298153739
1 49157U 21082AD  24170.57611498  .00000800  00000+0  74817-4 0  9992
2 49157  69.9994  60.6665 0002982 267.9695  92.1123 14.98330568153338
1 49158U 21082AE  24170.40872138  .00016755  00000+0  94443-3 0  9997
2 49158  69.9962  50.4689 0003815 230.7451 129.3378 15.13238759153579
1 49159U 21082AF  24170.81000769  .00001448  00000+0  12911-3 0  9999
2 49159  69.9997  80.0865 0003026 268.1546  91.9266 14.98324959152879
1 49160U 21082AG  24170.79748512  .00001337  00000+0  11979-3 0  9993
2 49160  69.9998  80.1018 0002979 270.1350  89.9468 14.98330492152853
1 49161U 21082AH  24170.46785905 -.00000944  00000+0 -71288-4 0  9990
2 49161  70.0003  80.9298 0002868 268.5610  91.5221 14.98336605152802
1 49162U 21082AJ  24170.86441864  .00001029  00000+0  94068-4 0  9992
2 49162  70.0000  79.9611 0003063 274.3510  85.7299 14.98324566152958
1 49163U 21082AK  24170.43424972 -.00000228  00000+0 -11350-4 0  9992
2 49163  70.0000  61.0310 0002911 270.4182  89.6644 14.98333178153373
1 49164U 21082AL  24170.82646462  .00001146  00000+0  10384-3 0  9999
2 49164  70.0000  60.0491 0002927 270.5482  89.5342 14.98328277153440
1 49165U 21082AM  24170.86007117 -.00001470  00000+0 -11539-3 0  9997
2 49165  69.9996  79.9749 0003042 268.8665  91.2146 14.98333861152995
1 49166U 21082AN  24170.43007569 -.00000046  00000+0  39545-5 0  9998
2 49166  70.0002  61.0443 0003133 264.4727  95.6075 14.98334284153419
1 49167U 21082AP  24170.45117028  .00001557  00000+0  13826-3 0  9992
2 49167  70.0002  80.9846 0002832 267.3714  92.7121 14.98333611152928
1 49168U 21082AQ  24170.07958823 -.00000139  00000+0 -38208-5 0  9997
2 49168  70.0006  61.9157 0002768 269.0559  91.0283 14.98330475153366
1 49169U 21082AR  24170.42173444 -.00000208  00000+0 -96068-5 0  9990
2 49169  70.0003  61.0734 0002965 269.6237  90.4583 14.98332011152211
1 49170U 21082AS  24170.49289348 -.00000576  00000+0 -40447-4 0  9997
2 49170  69.9995  80.8832 0002919 273.8187  86.2639 14.98337434151733
1 49171U 21082AT  24170.44700323 -.00000111  00000+0 -15392-5 0  9991
2 49171  69.9996  81.0105 0002926 278.0346  82.0481 14.98327556152883
1 49172U 21082AU  24170.12131253  .00000160  00000+0  21164-4 0  9992
2 49172  70.0004  61.8151 0002823 269.8969  90.1867 14.98332165152160
1 49173U 21082AV  24170.40921119 -.00001802  00000+0 -14326-3 0  9999
2 49173  70.0004  61.0893 0002844 270.4801  89.6032 14.98339956152210
1 49174U 21082AW  24170.11065626  .00011379  00000+0  79863-3 0  9995
2 49174  69.9984  57.1609 0003220 263.8295  96.2501 15.05339783153457
1 49175U 21082AX  24170.43842395 -.00000158  00000+0 -54211-5 0  9994
2 49175  69.9999  61.0293 0002876 268.4370  91.6459 14.98331786152218
1 49176U 21082AY  24170.89299241 -.00000330  00000+0 -19852-4 0  9994
2 49176  69.9996  39.8747 0003072 269.9417  90.1390 14.98330808152773
1 49177U 21082AZ  24170.91385370  .00000760  00000+0  71451-4 0  9995
2 49177  69.9998  39.8317 0003096 268.7949  91.2855 14.98332127153979
1 49178U 21082BA  24170.80583041  .00000733  00000+0  69201-4 0  9999
2 49178  69.9997  80.0846 0002517 273.2743  86.8128 14.98327611152934
1 49179U 21082BB  24170.03345864 -.00000072  00000+0  17388-5 0  9991
2 49179  70.0004  42.0350 0002823 266.6665  93.4172 14.98329787152641
1 49180U 21082BC  24170.81811916  .00001249  00000+0  11249-3 0  9999
2 49180  70.0001  60.0625 0002864 268.0180  92.0651 14.98328578153441
1 49181U 21082BD  24170.85590352  .00008208  00000+0  69469-3 0  9991
2 49181  70.0018  79.9735 0003158 274.3402  85.7396 14.98342301152955
1 53043U 22077A   24170.51108037 -.00000715  00000+0 -51063-4 0  9995
2 53043  97.6562 351.3335 0003023  65.3556 294.7983 15.01256146106520
1 53044U 22077B   24170.50739444 -.00001354  00000+0 -10087-3 0  9997
2 53044  97.6554 351.3296 0002665  88.5269 271.6261 15.01248204106526
1 53045U 22077C   24170.44628361  .00000232  00000+0  22683-4 0  9994
2 53045  97.6565 351.2533 0002829  76.7740 283.3799 15.01262350106510
1 53046U 22077D   24170.51132928  .00000414  00000+0  36832-4 0  9995
2 53046  97.6563 351.3205 0002870  66.3913 293.7612 15.01261238106523
1 53047U 22077E   24170.49095713 -.00000062  00000+0 -22571-6 0  9991
2 53047  97.6546 351.3313 0001638  92.7281 267.4130 15.01259913106527
1 53048U 22077F   24170.50392250  .00000208  00000+0  20770-4 0  9997
2 53048  97.6556 351.3250 0003705  52.0013 308.1545 15.01261064106510
1 53049U 22077G   24170.76287851  .00000064  00000+0  95735-5 0  9990
2 53049  97.6547 351.5803 0002459  44.7802 315.3620 15.01260209106554
1 53050U 22077H   24170.50182507  .00000478  00000+0  41811-4 0  9990
2 53050  97.6557 351.3222 0002524  51.6005 308.5445 15.01260975106510
1 53051U 22077J   24170.50367847 -.00000110  00000+0 -39641-5 0  9997
2 53051  97.6557 351.3074 0002836  76.1320 284.0220 15.01262038106515
1 53052U 22077K   24170.56662063  .00001080  00000+0  88624-4 0  9991
2 53052  97.6556 351.3851 0003050  66.0084 294.1459 15.01267614106524
1 53053U 22077L   24170.75917828 -.00000228  00000+0 -13187-4 0  9992
2 53053  97.6542 351.5674 0001818  93.0607 267.0825 15.01258777107130
1 53054U 22077M   24170.49812409 -.00000070  00000+0 -83972-6 0  9999
2 53054  97.6551 351.3161 0002611  65.8662 294.2835 15.01260175106519
1 53055U 22077N   24170.75732056 -.00003539  00000+0 -27095-3 0  9992
2 53055  97.6545 351.5639 0002259  86.4071 273.7412 15.01271872107134
1 53056U 22077P   24170.49442875 -.00000178  00000+0 -92581-5 0  9991
2 53056  97.6538 351.3074 0002066  72.1300 288.0150 15.01254787106516
1 53057U 22077Q   24170.48702317 -.00001223  00000+0 -90682-4 0  9992
2 53057  97.6546 351.2965 0001244  93.9032 266.2334 15.01249394106514
1 53058U 22077R   24170.50577748  .00000578  00000+0  49600-4 0  9998
2 53058  97.6558 351.2934 0003154  59.4978 300.6558 15.01260372106512
1 53059U 22077S   24170.48355570 -.00000221  00000+0 -12608-4 0  9998
2 53059  97.6548 351.2916 0000823 132.1734 227.9560 15.01261885106515
1 53060U 22077T   24170.48886364 -.00000631  00000+0 -44514-4 0  9996
2 53060  97.6544 351.2992 0001804  91.7769 268.3662 15.01261270106515
1 53061U 22077U   24170.74806210  .00000019  00000+0  60965-5 0  9995
2 53061  97.6548 351.5516 0001199 188.1720 171.9485 15.01260755107138
1 53062U 22077V   24170.75176811  .00000358  00000+0  32486-4 0  9996
2 53062  97.6547 351.5566 0000749 108.6034 251.5272 15.01260823107133
1 53063U 22077W   24170.50552901  .00000008  00000+0  52518-5 0  9999
2 53063  97.6558 351.3442 0003645  66.2455 293.9151 15.01261660106529
1 53064U 22077X   24170.48330626  .00000119  00000+0  13834-4 0  9995
2 53064  97.6547 351.2914 0000839 163.3011 196.8240 15.01257651106514
1 53065U 22077Y   24170.47775280 -.00000482  00000+0 -32958-4 0  9997
2 53065  97.6550 351.2838 0002865 190.1051 170.0116 15.01258372106514
1 53066U 22077Z   24170.47614382 -.00000465  00000+0 -31580-4 0  9994
2 53066  97.6551 351.2900 0002982 191.7580 168.3575 15.01258747106515
1 53067U 22077AA  24170.47407996 -.00002583  00000+0 -19666-3 0  9999
2 53067  97.6552 351.2794 0002971 163.0898 197.0426 15.01235158106515
1 53068U 22077AB  24170.47960281 -.00001002  00000+0 -73385-4 0  9995
2 53068  97.6550 351.2782 0002555 189.7933 170.3242 15.01265273106515
1 53069U 22077AC  24170.47034982  .00000157  00000+0  16794-4 0  9995
2 53069  97.6558 351.2752 0003826 167.0946 193.0377 15.01258564107096
1 53070U 22077AD  24170.47591186 -.00006787  00000+0 -52454-3 0  9990
2 53070  97.6557 351.2830 0002361 218.9600 141.1454 15.01242819106512
1 53071U 22077AE  24170.46849864  .00000246  00000+0  23767-4 0  9997
2 53071  97.6560 351.2737 0003085 137.9170 222.2291 15.01261058106515
1 53072U 22077AF  24170.46479314  .00000664  00000+0  56297-4 0  9995
2 53072  97.6576 351.2888 0002810 130.4054 229.7416 15.01262865106512
1 53073U 22077AG  24170.46874291  .00000440  00000+0  38841-4 0  9996
2 53073  97.6561 351.2645 0003121 156.9825 203.1540 15.01260169106512
1 53074U 22077AH  24170.47220355  .00001348  00000+0  10952-3 0  9994
2 53074  97.6555 351.2697 0002355 161.2170 198.9142 15.01273621106519
1 53075U 22077AJ  24170.46664917  .00000503  00000+0  43742-4 0  9996
2 53075  97.6567 351.2603 0002268 153.2162 206.9180 15.01264918106516
1 53076U 22077AK  24170.46503808  .00000109  00000+0  13055-4 0  9994
2 53076  97.6574 351.2758 0000831 112.4180 247.7132 15.01261048106518
1 53077U 22077AL  24170.45923932  .00000488  00000+0  42620-4 0  9998
2 53077  97.6589 351.2731 0001227  91.1157 269.0208 15.01261469106511
1 53078U 22077AM  24170.46294057  .00000426  00000+0  37734-4 0  9991
2 53078  97.6585 351.2716 0000925 104.3086 255.8241 15.01262843106510
1 53079U 22077AN  24170.45738671  .00000746  00000+0  62643-4 0  9998
2 53079  97.6584 351.2738 0001443  89.3597 270.7792 15.01262628107091
1 53080U 22077AP  24170.46109183  .00000873  00000+0  72543-4 0  9992
2 53080  97.6594 351.2727 0001968  85.9310 274.2139 15.01262556106519
1 53081U 22077AQ  24170.46133726  .00000773  00000+0  64787-4 0  9993
2 53081  97.6594 351.2555 0001527 113.4805 246.6579 15.01262154106511
1 53082U 22077AR  24170.78879823  .00000802  00000+0  67051-4 0  9994
2 53082  97.6580 351.6023 0001659  91.6020 268.5395 15.01262440107140
1 53083U 22077AS  24170.77584037  .00000487  00000+0  42535-4 0  9993
2 53083  97.6560 351.5945 0002434  89.1277 271.0226 15.01261325107142
1 53084U 22077AT  24170.45368522  .00000507  00000+0  44051-4 0  9996
2 53084  97.6575 351.2735 0001833  90.4742 269.6692 15.01263136106519
1 53085U 22077AU  24170.78165786  .00003462  00000+0  27424-3 0  9997
2 53085  97.6595 351.6051 0002243  96.6327 263.5153 15.01227128107146
1 53086U 22077AV  24170.51848706  .00000491  00000+0  42819-4 0  9994
2 53086  97.6573 351.3389 0001993  87.8835 272.2618 15.01262399106524
1 53087U 22077AW  24170.78324660  .00000688  00000+0  58165-4 0  9991
2 53087  97.6570 351.5927 0002174  89.7634 270.3839 15.01261714107145
1 53088U 22077AX  24170.51478593 -.00000471  00000+0 -32092-4 0  9991
2 53088  97.6563 351.3366 0002125  91.4621 268.6846 15.01254439106520
1 53189U 22084A   24170.45516199  .00001134  00000+0  92851-4 0  9993
2 53189  97.6580 231.2668 0000436 217.8908 142.2286 15.01263371105582
1 53190U 22084B   24170.88262965 -.00001960  00000+0 -14812-3 0  9990
2 53190  97.6541 231.6813 0001111 251.3691 108.7413 15.01233406105350
1 53191U 22084C   24170.64376994  .00000846  00000+0  70429-4 0  9990
2 53191  97.6565 231.4714 0001475  95.8155 264.3237 15.01263696105317
1 53192U 22084D   24170.44195947  .00001386  00000+0  11247-3 0  9998
2 53192  97.6559 231.2721 0002084  98.7316 261.4145 15.01264872105576
1 53193U 22084E   24170.64747204  .00000839  00000+0  69882-4 0  9991
2 53193  97.6567 231.4740 0001246 101.2912 258.8453 15.01260678105325
1 53194U 22084F   24170.44566041  .00001369  00000+0  11116-3 0  9993
2 53194  97.6562 231.2758 0001912  96.3073 263.8369 15.01267400104905
1 53195U 22084G   24170.76596735  .00001115  00000+0  91406-4 0  9992
2 53195  97.6531 231.6012 0001632  91.1012 269.0399 15.01254593105332
1 53196U 22084H   24170.76781707  .00000993  00000+0  81935-4 0  9997
2 53196  97.6543 231.6066 0001699  96.3676 263.7741 15.01257585105337
1 53197U 22084J   24170.63636234  .00000567  00000+0  48722-4 0  9992
2 53197  97.6547 231.4610 0001514  96.2541 263.8855 15.01261952105319
1 53198U 22084K   24170.64006444 -.00001311  00000+0 -97468-4 0  9999
2 53198  97.6559 231.4675 0001641  98.6605 261.4805 15.01270146105316
1 53199U 22084L   24170.77152302  .00001207  00000+0  98564-4 0  9999
2 53199  97.6553 231.5867 0001646  93.8910 266.2503 15.01256618105334
1 53200U 22084M   24170.43479632  .00000530  00000+0  45806-4 0  9992
2 53200  97.6548 231.2696 0001483  95.2732 264.8661 15.01266382105568
1 53201U 22084N   24170.42553791  .00000472  00000+0  41319-4 0  9991
2 53201  97.6548 231.2529 0001289  93.6534 266.4838 15.01265192104909
1 53202U 22084P   24170.56416678 -.00003004  00000+0 -22950-3 0  9994
2 53202  97.6537 231.3904 0001826  94.4176 265.7257 15.01241158104929
1 53203U 22084Q   24170.76041298  .00000846  00000+0  70437-4 0  9992
2 53203  97.6548 231.5719 0001370  96.2305 263.9075 15.01255203105336
1 53204U 22084R   24170.43109291  .00000801  00000+0  66895-4 0  9999
2 53204  97.6540 231.2544 0001530  94.2771 265.8628 15.01267324105562
1 53205U 22084S   24170.75670668  .00001013  00000+0  83450-4 0  9998
2 53205  97.6545 231.5665 0000713 109.5191 250.6110 15.01256616105338
1 53206U 22084T   24170.87890111  .00001217  00000+0  99369-4 0  9991
2 53206  97.6547 231.7197 0001739 245.1696 114.9347 15.01249940105357
1 53207U 22084U   24170.42159028 -.00000140  00000+0 -63470-5 0  9999
2 53207  97.6548 231.2361 0000410 134.8490 225.2767 15.01263916104909
1 53208U 22084V   24170.76226414  .00001633  00000+0  13167-3 0  9993
2 53208  97.6545 231.5749 0001544  95.9076 264.2324 15.01257903105335
1 53209U 22084W   24170.88655611  .00002743  00000+0  21806-3 0  9994
2 53209  97.6551 231.6941 0000340 143.4935 216.6312 15.01254156105351
1 53210U 22084X   24170.42529397  .00000559  00000+0  48129-4 0  9998
2 53210  97.6549 231.2409 0001262  94.2343 265.9026 15.01266581105449
1 53211U 22084Y   24170.61438488  .00002392  00000+0  19073-3 0  9992
2 53211  97.6544 231.4286 0001497 230.4667 129.6425 15.01261623105455
1 53212U 22084Z   24170.88630612  .00001829  00000+0  14692-3 0  9991
2 53212  97.6544 231.6939 0000835 240.6349 119.4792 15.01261061105357
1 53213U 22084AA  24170.74374722  .00006229  00000+0  48939-3 0  9994
2 53213  97.6545 231.5511 0003852 220.5948 139.4990 15.01237922105337
1 53214U 22084AB  24170.88445777  .00000577  00000+0  49515-4 0  9991
2 53214  97.6545 231.6917 0001188 237.8920 122.2189 15.01253841105350
1 53215U 22084AC  24170.60857735 -.00002906  00000+0 -22159-3 0  9997
2 53215  97.6542 231.4176 0004345 221.8458 138.2434 15.01274273105453
1 53216U 22084AD  24170.61413646  .00010133  00000+0  79250-3 0  9991
2 53216  97.6541 231.4247 0002495 241.2838 118.8136 15.01252618104938
1 53217U 22084AE  24170.73078546  .00001437  00000+0  11647-3 0  9994
2 53217  97.6564 231.5587 0002565 148.4892 211.6486 15.01258297105332
1 53218U 22084AF  24170.59956571  .00000794  00000+0  66374-4 0  9995
2 53218  97.6564 231.4402 0003740 225.1001 134.9920 15.01262380105450
1 53219U 22084AG  24170.73449055  .00000021  00000+0  62351-5 0  9991
2 53219  97.6558 231.5424 0003746 201.1554 158.9516 15.01253461104964
1 53220U 22084AH  24170.74003706  .00001503  00000+0  12161-3 0  9991
2 53220  97.6549 231.5474 0004585 218.3682 141.7217 15.01256621104964
1 53221U 22084AJ  24170.73263429  .00000714  00000+0  60181-4 0  9990
2 53221  97.6560 231.5422 0004253 201.5228 158.5818 15.01257249104952
1 53222U 22084AK  24170.73818846  .00007343  00000+0  57564-3 0  9995
2 53222  97.6548 231.5456 0004863 216.4472 143.6422 15.01257208105333
1 53223U 22084AL  24170.60512804 -.00000088  00000+0 -22261-5 0  9996
2 53223  97.6545 231.3971 0003129 211.3090 148.7948 15.01260052104930
1 53224U 22084AM  24170.60302411 -.00000975  00000+0 -71280-4 0  9997
2 53224  97.6548 231.4123 0004122 215.7492 144.3457 15.01255387104934
1 53225U 22084AN  24170.72707869  .00001366  00000+0  11091-3 0  9993
2 53225  97.6589 231.5419 0001918 228.7636 131.3423 15.01259027104959
1 53226U 22084AP  24170.65858006  .00018500  00000+0  14443-2 0  9997
2 53226  97.6585 231.4901 0002417 213.5922 146.5150 15.01176167104954
1 53227U 22084AQ  24170.64932424  .00000553  00000+0  47683-4 0  9997
2 53227  97.6571 231.4926 0001279  95.7994 264.3376 15.01258576104944
1 53228U 22084AR  24170.12906080  .00000444  00000+0  39203-4 0  9998
2 53228  97.6577 230.9497 0002927 205.9378 154.1700 15.01260161104861
1 53229U 22084AS  24170.45676318  .00000200  00000+0  20137-4 0  9999
2 53229  97.6581 231.2798 0001835 234.0642 126.0412 15.01266283104914
1 53230U 22084AT  24170.12745270  .00001141  00000+0  93428-4 0  9997
2 53230  97.6590 230.9460 0002215 207.9333 152.1773 15.01260515104863
1 53231U 22084AU  24170.45306690  .00000954  00000+0  78821-4 0  9994
2 53231  97.6574 231.2795 0000650 226.3770 133.7400 15.01260896104912
1 53232U 22084AV  24170.65487090  .00001564  00000+0  12634-3 0  9998
2 53232  97.6575 231.4773 0001043 233.7305 126.3823 15.01261792104941
1 53233U 22084AW  24170.64957074  .00001898  00000+0  15236-3 0  9993
2 53233  97.6573 231.4789 0001516  90.9283 269.2115 15.01254913104948
1 53234U 22084AX  24170.45121262  .00000352  00000+0  31953-4 0  9994
2 53234  97.6572 231.2753 0000357 167.2209 192.9024 15.01267677105926
1 53465U 22099A   24170.79588859 -.00002927  00000+0 -22326-3 0  9997
2 53465  97.6545 291.6189 0001547  92.4879 267.6522 15.01280431101875
1 53466U 22099B   24170.59618487  .00009097  00000+0  71166-3 0  9996
2 53466  97.6541 291.4178 0001648  94.3447 265.7966 15.01273524101597
1 53467U 22099C   24170.59222767  .00000762  00000+0  63926-4 0  9995
2 53467  97.6548 291.4702 0001504  92.2304 267.9093 15.01266813101596
1 53468U 22099D   24170.59247655 -.00000103  00000+0 -34317-5 0  9993
2 53468  97.6543 291.4130 0001449  97.9957 262.1432 15.01269965101596
1 53469U 22099E   24170.85514407  .00002527  00000+0  20131-3 0  9992
2 53469  97.6542 291.6766 0000568  92.6792 267.4497 15.01254092101878
1 53470U 22099F   24170.59038010  .00000805  00000+0  67227-4 0  9991
2 53470  97.6544 291.4124 0001151  97.4678 262.6677 15.01269908101591
1 53471U 22099G   24170.85143764  .00001686  00000+0  13581-3 0  9995
2 53471  97.6526 291.6696 0001045 234.1377 125.9750 15.01258779101874
1 53472U 22099H   24170.85329155  .00001645  00000+0  13266-3 0  9991
2 53472  97.6533 291.6739 0000400 230.8305 129.2883 15.01258010101871
1 53473U 22099J   24170.58112066  .00005642  00000+0  44341-3 0  9992
2 53473  97.6526 291.4015 0002468 250.4134 109.6824 15.01267370101598
1 53474U 22099K   24170.57395758  .00003788  00000+0  29928-3 0  9996
2 53474  97.6544 291.3869 0003905 234.2156 125.8705 15.01264961101597
1 53475U 22099L   24170.57926696  .00002818  00000+0  22385-3 0  9991
2 53475  97.6532 291.3973 0003208 250.1901 109.8977 15.01265007102295
1 53476U 22099M   24170.58297257  .00001812  00000+0  14560-3 0  9996
2 53476  97.6521 291.4057 0000967 244.7234 115.3890 15.01267080101833
1 53477U 22099N   24170.58136665  .00001662  00000+0  13392-3 0  9997
2 53477  97.6525 291.3885 0002011 245.3141 114.7874 15.01265551102299
1 53478U 22099P   24170.57556255  .00008116  00000+0  63544-3 0  9993
2 53478  97.6537 291.4039 0004382 231.6136 128.4695 15.01270600101596
1 53479U 22099Q   24170.57371262  .00005640  00000+0  44323-3 0  9990
2 53479  97.6544 291.3857 0004135 234.0067 126.0775 15.01267444101593
1 53480U 22099R   24170.57741410  .00002118  00000+0  16938-3 0  9996
2 53480  97.6533 291.3935 0003518 243.1465 116.9399 15.01265706101596
1 53481U 22099S   24170.57185890  .00007690  00000+0  60230-3 0  9995
2 53481  97.6549 291.3823 0005559 224.9580 135.1194 15.01271065101593
1 53482U 22099T   24170.29414104  .00000949  00000+0  78477-4 0  9991
2 53482  97.6575 291.1461 0002254 223.3510 136.7537 15.01267127101552
1 53483U 22099U   24170.82551387  .00001942  00000+0  15580-3 0  9995
2 53483  97.6583 291.6628 0002803 218.8983 141.2040 15.01252650101875
1 53484U 22099V   24170.57000859  .00008337  00000+0  65257-3 0  9992
2 53484  97.6552 291.3798 0004990 220.4136 139.6718 15.01270623101597
1 53485U 22099W   24170.29785046  .00000043  00000+0  79558-5 0  9997
2 53485  97.6572 291.1168 0004536 218.2211 141.8692 15.01256631101559
1 53486U 22099X   24170.30154695 -.00000004  00000+0  43470-5 0  9992
2 53486  97.6556 291.1145 0005103 215.5134 144.5751 15.01265103101552
1 53487U 22099Y   24170.30179414  .00005215  00000+0  41020-3 0  9994
2 53487  97.6553 291.0990 0004185 233.5200 126.5639 15.01266851101556
1 53488U 22099Z   24170.83291816  .00001675  00000+0  13494-3 0  9994
2 53488  97.6561 291.6413 0004273 202.9511 157.1523 15.01257560101879
1 53489U 22099AA  24170.29994084  .00000614  00000+0  52391-4 0  9994
2 53489  97.6559 291.0980 0004369 224.1531 135.9345 15.01265316101553
1 53490U 22099AB  24170.29599130  .00001401  00000+0  11364-3 0  9998
2 53490  97.6587 291.1180 0003872 227.4983 132.5915 15.01268181101553
1 53491U 22099AC  24170.81835424  .00002202  00000+0  17603-3 0  9998
2 53491  97.6569 291.6489 0001212 251.4153 108.6939 15.01253464101876
1 53492U 22099AD  24170.82366213  .00002640  00000+0  21007-3 0  9994
2 53492  97.6573 291.6500 0002922 225.5432 134.5553 15.01255405101874
1 53493U 22099AE  24170.82181255  .00002224  00000+0  17772-3 0  9998
2 53493  97.6573 291.6370 0001524 253.5250 106.5806 15.01255580101870
1 53494U 22099AF  24170.29253506  .00001149  00000+0  94026-4 0  9992
2 53494  97.6573 291.1156 0002939 217.3195 142.7825 15.01266527101556
1 53495U 22099AG  24170.61629990 -.00000233  00000+0 -13540-4 0  9990
2 53495  97.6566 291.4442 0000356 134.5062 225.6192 15.01267421101602
1 53496U 22099AH  24170.81995987  .00002569  00000+0  20460-3 0  9995
2 53496  97.6568 291.6439 0001906 252.9508 107.1507 15.01254804101879
1 53497U 22099AJ  24170.61260031  .00001763  00000+0  14179-3 0  9994
2 53497  97.6555 291.4412 0001480  99.5231 260.6160 15.01267354101605
1 53498U 22099AK  24170.61284090  .00001310  00000+0  10653-3 0  9997
2 53498  97.6562 291.4535 0000334 167.9919 192.1313 15.01269359101606
1 53499U 22099AL  24170.61815000  .00000963  00000+0  79578-4 0  9994
2 53499  97.6571 291.4291 0000969 245.4757 114.6366 15.01268867101602
1 53500U 22099AM  24170.61444904  .00002284  00000+0  18228-3 0  9990
2 53500  97.6555 291.4429 0000595  97.0269 263.1023 15.01269186101609
1 53501U 22099AN  24170.60519234  .00000107  00000+0  12908-4 0  9991
2 53501  97.6552 291.4373 0001800  96.5302 263.6127 15.01271076101608
1 53502U 22099AP  24170.61074741  .00000358  00000+0  32439-4 0  9991
2 53502  97.6561 291.4391 0001739  95.8355 264.3067 15.01271964101607
1 53503U 22099AQ  24170.81095817  .00001522  00000+0  12305-3 0  9994
2 53503  97.6566 291.6215 0001910  92.7118 267.4325 15.01261896101877
1 53504U 22099AR  24170.60889389 -.00000080  00000+0 -16232-5 0  9992
2 53504  97.6558 291.4374 0001774  96.0613 264.0813 15.01273179101601
1 53505U 22099AS  24170.60149106  .00000898  00000+0  74487-4 0  9999
2 53505  97.6551 291.4283 0001627  88.8014 271.3397 15.01268157101603
1 53506U 22099AT  24170.60704602  .00000191  00000+0  19441-4 0  9993
2 53506  97.6555 291.4275 0001662  94.7483 265.3932 15.01269250101607
1 53507U 22099AU  24170.33303227  .00001065  00000+0  87489-4 0  9990
2 53507  97.6548 291.1638 0001655  92.5236 267.6178 15.01263865101562
1 53508U 22099AV  24170.80329894 -.00001475  00000+0 -11024-3 0  9999
2 53508  97.6554 291.6283 0001738  99.9547 260.1874 15.01272105101871
1 53509U 22099AW  24170.79774428 -.00001478  00000+0 -11044-3 0  9990
2 53509  97.6549 291.6181 0001485  98.8128 261.3265 15.01272291101878
1 53510U 22099AX  24170.86070051  .00000656  00000+0  55639-4 0  9995
2 53510  97.6545 291.6915 0001628  97.3174 262.8235 15.01253611101884
1 53648U 22105A   24170.57989184  .00000049  00000+0  84150-5 0  9996
2 53648  97.6559  51.3806 0000418 134.0177 226.1081 15.01260933 98858
1 53649U 22105B   24170.57803967  .00000259  00000+0  24730-4 0  9991
2 53649  97.6557  51.3780 0000352 140.1236 220.0014 15.01260987 98846
1 53650U 22105C   24170.57618713 -.00000274  00000+0 -16707-4 0  9990
2 53650  97.6560  51.3754 0000497 194.3133 165.8078 15.01261760 99128
1 53651U 22105D   24170.57433494  .00000199  00000+0  20077-4 0  9991
2 53651  97.6561  51.3735 0000766 205.8669 154.2517 15.01262724 99121
1 53652U 22105E   24170.57248245  .00000248  00000+0  23883-4 0  9993
2 53652  97.6562  51.3716 0000770 218.0329 142.0841 15.01262073 99128
1 53653U 22105F   24170.59101015  .00002175  00000+0  17387-3 0  9991
2 53653  97.6567  51.3477 0003902  88.2567 271.9104 15.01262585 98849
1 53654U 22105G   24170.56692973  .00000796  00000+0  66515-4 0  9992
2 53654  97.6572  51.3670 0000416 100.4072 259.7199 15.01263074 99120
1 53655U 22105H   24170.57063474  .00004584  00000+0  36127-3 0  9996
2 53655  97.6568  51.3708 0000471 139.1114 221.0145 15.01259507 98842
1 53656U 22105J   24170.62802829  .00001377  00000+0  11178-3 0  9994
2 53656  97.6594  51.4373 0001497  91.7925 268.3471 15.01264437 98858
1 53657U 22105K   24170.56877881  .00000432  00000+0  38249-4 0  9998
2 53657  97.6569  51.3684 0001232 220.2643 139.8490 15.01263448 99123
1 53658U 22105L   24170.56322708  .00000696  00000+0  58807-4 0  9996
2 53658  97.6581  51.3664 0000859 102.0477 258.0843 15.01262486 98847
1 53659U 22105M   24170.56532379  .00000654  00000+0  55531-4 0  9999
2 53659  97.6575  51.3664 0001079 100.9611 259.1735 15.01263192 98840
1 53660U 22105N   24170.62433213 -.00000042  00000+0  13095-5 0  9997
2 53660  97.6586  51.4345 0001528  95.3072 264.8326 15.01270954 98852
1 53661U 22105P   24170.62642110  .00001059  00000+0  87048-4 0  9992
2 53661  97.6597  51.4368 0001561  89.1977 270.9426 15.01265577 98856
1 53662U 22105Q   24170.62086466  .00002075  00000+0  16606-3 0  9999
2 53662  97.6602  51.4317 0001318 109.9950 250.1416 15.01264951 98854
1 53663U 22105R   24170.62617617  .00001272  00000+0  10357-3 0  9993
2 53663  97.6597  51.4330 0001545  88.5034 271.6367 15.01266085 98853
1 53664U 22105S   24170.68379895  .00004573  00000+0  36017-3 0  9991
2 53664  97.6586  51.5024 0002142  92.3435 267.8034 15.01285636 99149
1 53665U 22105T   24170.61877204  .00001250  00000+0  10191-3 0  9996
2 53665  97.6584  51.4423 0001833  90.3664 269.7770 15.01263959 98857
1 53666U 22105U   24170.61322166 -.00001443  00000+0 -10776-3 0  9994
2 53666  97.6580  51.4351 0002234  80.9293 279.2184 15.01271051 98850
1 53667U 22105V   24170.62247527  .00001496  00000+0  12106-3 0  9998
2 53667  97.6586  51.4344 0001826  92.7680 267.3753 15.01263655 98857
1 53668U 22105W   24170.61507669  .00001439  00000+0  11658-3 0  9992
2 53668  97.6583  51.4043 0002243  90.7780 269.3701 15.01262108 98851
1 53669U 22105X   24170.62062663  .00000659  00000+0  55928-4 0  9996
2 53669  97.6587  51.4254 0002037  92.5293 267.6164 15.01263283 98859
1 53670U 22105Y   24170.61137171  .00002706  00000+0  21520-3 0  9999
2 53670  97.6579  51.4286 0002993  88.6034 271.5533 15.01263120 98851
1 53671U 22105Z   24170.61160489 -.00006533  00000+0 -50391-3 0  9990
2 53671  97.6579  51.4323 0003998  80.5916 279.5760 15.01297326 98855
1 53672U 22105AA  24170.59841139  .00001082  00000+0  88851-4 0  9991
2 53672  97.6553  51.4280 0004086  87.0010 273.1681 15.01260080 98855
1 53673U 22105AB  24170.63567596  .00000512  00000+0  44457-4 0  9990
2 53673  97.6565  51.4355 0000894 221.2593 138.8563 15.01264007 99134
1 53674U 22105AC  24170.67246964  .00000999  00000+0  82348-4 0  9998
2 53674  97.6566  51.4868 0003429  84.2938 275.8677 15.01262102 99145
1 53675U 22105AD  24170.60026549  .00001104  00000+0  90529-4 0  9996
2 53675  97.6551  51.4305 0004956  81.9738 278.2048 15.01259309 98855
1 53676U 22105AE  24170.60211551  .00000793  00000+0  66350-4 0  9994
2 53676  97.6554  51.4147 0003833  93.0979 267.0683 15.01259532 98856
1 53677U 22105AF  24170.60768349  .00000961  00000+0  79390-4 0  9992
2 53677  97.6570  51.4238 0003603  89.4076 270.7561 15.01258302 98858
1 53678U 22105AG  24170.60791642  .00000557  00000+0  47960-4 0  9994
2 53678  97.6571  51.4070 0003445  89.9518 270.2101 15.01261540 98857
1 53679U 22105AH  24170.60396681  .00000944  00000+0  78061-4 0  9995
2 53679  97.6562  51.4190 0003944  86.7519 273.4156 15.01261567 98855
1 53680U 22105AJ  24170.59656248  .00000581  00000+0  49838-4 0  9990
2 53680  97.6561  51.4012 0004245  90.0784 270.0927 15.01260555 98851
1 53681U 22105AK  24170.66136035  .00000570  00000+0  48977-4 0  9997
2 53681  97.6562  51.4772 0003949  88.2731 271.8945 15.01261458 99142
1 53682U 22105AL  24170.58544628  .00000416  00000+0  36993-4 0  9994
2 53682  97.6561  51.4048 0001288  90.4681 269.6691 15.01260005 98858
1 53683U 22105AM  24170.60051006  .00001191  00000+0  97321-4 0  9994
2 53683  97.6551  51.4052 0003773  84.6664 275.4990 15.01260475 98858
1 53684U 22105AN  24170.61691981  .00000410  00000+0  36496-4 0  9997
2 53684  97.6581  51.4970 0002843  89.8019 270.3531 15.01264684 98850
1 53685U 22105AP  24170.59310267  .00000786  00000+0  65802-4 0  9999
2 53685  97.6562  51.4001 0003765  85.0038 275.1616 15.01260038 98854
1 53686U 22105AQ  24170.56507206  .00000676  00000+0  57218-4 0  9998
2 53686  97.6577  51.4263 0000659 119.4035 240.7255 15.01263089 98855
1 53687U 22105AR  24170.59285694  .00000419  00000+0  37201-4 0  9991
2 53687  97.6564  51.3961 0003141  89.0988 271.0596 15.01261036 99131
1 53688U 22105AS  24170.58729890  .00000468  00000+0  40991-4 0  9996
2 53688  97.6558  51.3894 0001431  92.3944 267.7444 15.01261714 98854
1 53689U 22105AT  24170.57457664  .00000117  00000+0  13710-4 0  9993
2 53689  97.6562  51.4072 0000686 223.1846 136.9324 15.01261486 99137
1 53690U 22105AU  24170.60952650  .00000910  00000+0  75423-4 0  9994
2 53690  97.6573  51.3710 0002860  87.7099 272.4452 15.01261031 98851
1 53691U 22105AV  24170.58914985  .00000602  00000+0  51490-4 0  9997
2 53691  97.6561  51.3836 0001514  91.7002 268.4396 15.01262170 98859
1 53692U 22105AW  24170.58359431  .00000374  00000+0  33684-4 0  9998
2 53692  97.6559  51.3849 0000959  91.9902 268.1432 15.01262306 98853
1 53693U 22105AX  24170.91500170  .00000858  00000+0  71391-4 0  9998
2 53693  97.6559  51.7114 0000571 100.0235 260.1054 15.01264519 99181
1 55269U 23010A   24170.47539811  .00001315  00000+0  11797-3 0  9992
2 55269  69.9980 191.0097 0003464 264.0536  96.0229 14.98335904 78818
1 55270U 23010B   24170.48792042  .00001154  00000+0  10449-3 0  9996
2 55270  69.9983 191.0527 0003319 269.7646  90.3132 14.98331856 78535
1 55271U 23010C   24170.47957171  .00000574  00000+0  55886-4 0  9992
2 55271  69.9980 191.0239 0003440 269.3009  90.7756 14.98332835 78531
1 55272U 23010D   24170.49695893  .00000558  00000+0  53467-4 0  9990
2 55272  69.9985 190.6903 0003432 269.6416  90.4350 14.99138529 78549
1 55273U 23010E   24170.43783212  .00000098  00000+0  16017-4 0  9997
2 55273  69.9985 190.8825 0003337 269.5027  90.5750 14.98330398 78537
1 55274U 23010F   24170.40006892 -.00000021  00000+0  60080-5 0  9994
2 55274  69.9985 171.2806 0003222 268.8265  91.2525 14.98329042 79015
1 55275U 23010G   24170.45864710 -.00000176  00000+0 -69532-5 0  9994
2 55275  69.9984 171.0847 0003232 270.0829  89.9959 14.98326964 79026
1 55276U 23010H   24170.39172417  .00000992  00000+0  90944-4 0  9998
2 55276  69.9983 171.2509 0003474 267.7044  92.3717 14.98336006 79009
1 55277U 23010J   24170.46704826  .00000221  00000+0  26292-4 0  9992
2 55277  69.9981 190.9798 0003213 268.5955  91.4836 14.98332753 78531
1 55278U 23010K   24170.45036365 -.00000979  00000+0 -74242-4 0  9998
2 55278  69.9983 190.9197 0003339 269.5965  90.4812 14.98322543 78526
1 55279U 23010L   24170.46289525  .00000365  00000+0  38401-4 0  9992
2 55279  69.9982 190.9661 0003382 265.3084  94.7689 14.98326202 78532
1 55280U 23010M   24170.44217120  .00000043  00000+0  11372-4 0  9995
2 55280  69.9985 190.8891 0003237 269.0652  91.0136 14.98329653 78521
1 55281U 23010N   24170.45870466 -.00000129  00000+0 -30048-5 0  9994
2 55281  69.9983 190.9500 0003218 270.3735  89.7055 14.98329290 78525
1 55282U 23010P   24170.43382315  .00000282  00000+0  31440-4 0  9998
2 55282  69.9981 190.8619 0003067 270.2436  89.8372 14.98332156 78521
1 55283U 23010Q   24170.45452995  .00000050  00000+0  12031-4 0  9991
2 55283  69.9984 190.9351 0003212 269.4705  90.6086 14.98328461 78526
1 55284U 23010R   24170.43365753  .00000243  00000+0  28128-4 0  9993
2 55284  69.9985 190.8588 0002769 272.6600  87.4242 14.98322710 78524
1 55285U 23010S   24170.40400724  .00000478  00000+0  47847-4 0  9998
2 55285  69.9987 151.0126 0003028 268.6524  91.4288 14.98333366 80384
1 55286U 23010T   24170.71717054 -.00000335  00000+0 -20315-4 0  9995
2 55286  69.9986 170.3807 0003171 269.4529  90.6267 14.98330278 78741
1 55287U 23010U   24170.66705190  .00003949  00000+0  33849-3 0  9995
2 55287  69.9981 150.6422 0003484 273.5218  86.5543 14.98336880 79229
1 55288U 23010V   24170.43777069  .00000491  00000+0  48944-4 0  9997
2 55288  69.9982 171.0084 0003333 269.0568  91.0209 14.98331182 79010
1 55289U 23010W   24170.38754466  .00000024  00000+0  97883-5 0  9997
2 55289  69.9984 171.2361 0003304 270.2246  89.8535 14.98328532 79009
1 55290U 23010X   24170.44595439  .00000221  00000+0  26301-4 0  9994
2 55290  69.9983 171.0377 0003696 269.1384  90.9352 14.98330583 79019
1 55291U 23010Y   24170.39589511  .00000796  00000+0  74474-4 0  9994
2 55291  69.9985 171.2626 0003780 266.3358  93.7369 14.98342592 79006
1 55292U 23010Z   24170.43343088  .00000422  00000+0  43192-4 0  9996
2 55292  69.9982 170.9929 0003551 268.2330  91.8423 14.98333124 79015
1 55293U 23010AA  24170.43760676  .00000049  00000+0  11935-4 0  9998
2 55293  69.9983 171.0087 0003348 269.4979  90.5796 14.98331275 79014
1 55294U 23010AB  24170.44200628  .00000230  00000+0  27106-4 0  9995
2 55294  69.9986 190.8878 0003324 269.8767  90.2011 14.98330158 78529
1 55295U 23010AC  24170.48374220  .00000464  00000+0  46663-4 0  9998
2 55295  69.9981 191.0376 0003353 269.2366  90.8408 14.98332452 78538
1 55296U 23010AD  24170.42090586  .00000699  00000+0  66365-4 0  9994
2 55296  69.9981 170.9482 0003201 270.5992  89.4800 14.98316591 79891
1 55297U 23010AE  24170.42925642  .00000155  00000+0  20827-4 0  9995
2 55297  69.9982 170.9784 0003601 268.4703  91.6044 14.98332804 79012
1 55298U 23010AF  24170.41272650 -.00000037  00000+0  47211-5 0  9996
2 55298  69.9985 170.9197 0003278 269.8490  90.2293 14.98331559 79895
1 55299U 23010AG  24170.41673040 -.00000331  00000+0 -19911-4 0  9998
2 55299  69.9986 170.9365 0003146 268.7407  91.3391 14.98324769 79890
1 55300U 23010AH  24170.74636161 -.00000017  00000+0  64103-5 0  9994
2 55300  69.9985 170.0767 0003355 269.4446  90.6329 14.98330500 78759
1 55302U 23010AK  24170.42508117  .00000827  00000+0  77074-4 0  9998
2 55302  69.9982 170.9602 0003193 268.7953  91.2840 14.98330626 79014
1 55303U 23010AL  24170.49624547  .00000511  00000+0  50643-4 0  9995
2 55303  69.9985 190.6763 0003117 271.7823  88.2979 14.98333172 78535
1 55304U 23010AM  24170.74218774  .00000191  00000+0  23799-4 0  9991
2 55304  69.9986 170.0612 0003714 268.1947  91.8786 14.98330900 78758
1 55305U 23010AN  24170.40423949 -.00000261  00000+0 -14056-4 0  9993
2 55305  69.9985 171.2948 0003586 263.9310  96.1441 14.98336752 79014
1 55306U 23010AP  24170.90887977 -.00000251  00000+0 -13229-4 0  9994
2 55306  69.9992 149.9701 0003040 270.2454  89.8356 14.98327063 79263
1 55307U 23010AQ  24170.37896927  .00000477  00000+0  47748-4 0  9992
2 55307  69.9987 151.3323 0003354 269.1700  90.9074 14.98334324 79509
1 55308U 23010AR  24170.35826284  .00000249  00000+0  28644-4 0  9991
2 55308  69.9991 151.2578 0003174 269.5202  90.5593 14.98334905 80371
1 55309U 23010AS  24170.64200177  .00000115  00000+0  17469-4 0  9996
2 55309  69.9989 150.6433 0003135 269.3308  90.7492 14.98329768 79238
1 55310U 23010AT  24170.36644561 -.00000689  00000+0 -49959-4 0  9993
2 55310  69.9987 151.2851 0003207 270.5177  89.5615 14.98327903 79509
1 55311U 23010AU  24170.37062210  .00000223  00000+0  26519-4 0  9999
2 55311  69.9989 151.3012 0002968 269.7337  90.3481 14.98333517 80379
1 55312U 23010AV  24170.67519130  .00000776  00000+0  72783-4 0  9998
2 55312  69.9992 150.2439 0003104 271.9374  88.1429 14.98334158 79236
1 55313U 23010AW  24170.69190044 -.00000241  00000+0 -12394-4 0  9991
2 55313  69.9993 150.4144 0003206 269.7848  90.2944 14.98329959 79236
1 55314U 23010AX  24170.69607340  .00000109  00000+0  16941-4 0  9997
2 55314  69.9994 150.4270 0003179 269.3640  90.7155 14.98330827 79238
1 55315U 23010AY  24170.44178414 -.00000319  00000+0 -18976-4 0  9991
2 55315  69.9984 171.0232 0003117 270.5688  89.5114 14.98329439 79006
1 55316U 23010AZ  24170.33306033 -.00000036  00000+0  48197-5 0  9994
2 55316  69.9990 151.1851 0003161 266.5585  93.5213 14.98331647 80371
1 55317U 23010BA  24170.35392982  .00000038  00000+0  10964-4 0  9996
2 55317  69.9991 151.2690 0003039 269.3229  90.7582 14.98328712 80372
1 55318U 23010BB  24170.34975147 -.00000353  00000+0 -21743-4 0  9995
2 55318  69.9993 151.2275 0003112 269.7811  90.2991 14.98339328 80371
1 55319U 23010BC  24170.67936554  .00002189  00000+0  19114-3 0  9996
2 55319  69.9991 150.3710 0003071 266.7262  93.3545 14.98346864 79230
1 55391U 23014A   24170.53779002  .00000914  00000+0  86091-4 0  9991
2 55391  69.9984 210.3916 0003437 270.7416  89.3349 14.97525578 76884
1 55392U 23014B   24170.49207212  .00000698  00000+0  66253-4 0  9993
2 55392  69.9984 190.7754 0003721 267.3814  92.6919 14.98333034 78300
1 55393U 23014C   24170.50498474  .00000359  00000+0  37868-4 0  9992
2 55393  69.9985 210.7041 0003238 268.5943  91.4846 14.98334125 77816
1 55394U 23014D   24170.83460589 -.00001127  00000+0 -86679-4 0  9995
2 55394  69.9993 209.8353 0003383 269.1744  90.9027 14.98327509 76922
1 55395U 23014E   24170.51316960  .00000454  00000+0  45833-4 0  9991
2 55395  69.9983 210.7095 0003170 270.1997  89.8798 14.98331880 77810
1 55396U 23014F   24170.50899529  .00000223  00000+0  26524-4 0  9998
2 55396  69.9987 210.7057 0003199 269.7535  90.3258 14.98332554 77813
1 55397U 23014G   24170.80505892 -.00002402  00000+0 -19373-3 0  9995
2 55397  69.9980 190.2487 0003141 271.2698  88.8101 14.98303480 77401
1 55398U 23014H   24170.52569016  .00000516  00000+0  51037-4 0  9999
2 55398  69.9985 210.7620 0003226 270.5598  89.5191 14.98333827 76874
1 55399U 23014J   24170.51734311  .00000305  00000+0  33384-4 0  9992
2 55399  69.9985 210.7330 0003323 268.5650  91.5129 14.98331531 77816
1 55400U 23014K   24170.53404253  .00000825  00000+0  76955-4 0  9994
2 55400  69.9986 210.7918 0003180 270.5953  89.4842 14.98332681 77817
1 55401U 23014L   24170.52151958  .00000512  00000+0  50738-4 0  9999
2 55401  69.9984 210.7475 0003516 270.2682  89.8074 14.98332311 77814
1 55402U 23014M   24170.54239033 -.00000423  00000+0 -27632-4 0  9993
2 55402  69.9988 210.8221 0003165 269.7950  90.2846 14.98333730 76874
1 55403U 23014N   24170.52986642  .00000758  00000+0  71352-4 0  9994
2 55403  69.9985 210.7772 0003439 270.9006  89.1759 14.98333372 77819
1 55404U 23014P   24170.55073777  .00000191  00000+0  23838-4 0  9991
2 55404  69.9990 210.8514 0003108 270.6612  89.4191 14.98332050 77819
1 55405U 23014Q   24170.53821740 -.00000349  00000+0 -21460-4 0  9997
2 55405  69.9997 210.8070 0003630 267.6610  92.4133 14.98339964 76874
1 55406U 23014R   24170.82195050 -.00001614  00000+0 -12748-3 0  9992
2 55406  69.9993 210.1926 0003208 268.8175  91.2616 14.98339702 76912
1 55407U 23014S   24170.54656190  .00000506  00000+0  50208-4 0  9990
2 55407  69.9987 210.8363 0003534 268.4549  91.6205 14.98333974 77814
1 55408U 23014T   24170.82612513  .00000118  00000+0  17729-4 0  9993
2 55408  69.9983 210.2082 0003276 270.2427  89.8356 14.98330547 76911
1 55409U 23014U   24170.48831867 -.00000503  00000+0 -34359-4 0  9999
2 55409  69.9987 211.0357 0003209 267.6786  92.4005 14.98338281 77807
1 55410U 23014V   24170.59267332  .00000695  00000+0  66002-4 0  9993
2 55410  69.9987 230.4638 0003358 267.7362  92.3412 14.98334293 77330
1 55411U 23014W   24170.49650099  .00000009  00000+0  85175-5 0  9991
2 55411  69.9986 211.0652 0003230 266.8923  93.1866 14.98330923 77803
1 55412U 23014X   24170.60118933 -.00000305  00000+0 -17798-4 0  9997
2 55412  69.9988 230.4926 0003264 268.6718  91.4067 14.98330687 77333
1 55413U 23014Y   24170.58850129  .00001010  00000+0  92389-4 0  9996
2 55413  69.9987 230.4491 0003229 270.6154  89.4635 14.98330769 77337
1 55414U 23014Z   24170.60519776  .00000155  00000+0  20827-4 0  9997
2 55414  69.9988 230.5083 0003217 267.2162  92.8629 14.98331452 77336
1 55415U 23014AA  24170.58867169  .00000226  00000+0  26751-4 0  9998
2 55415  69.9988 230.4495 0003403 272.1938  87.8831 14.98328616 77333
1 55416U 23014AB  24170.54679778  .00000989  00000+0  90629-4 0  9993
2 55416  69.9982 230.7074 0003670 273.6832  86.3908 14.98333490 77323
1 55417U 23014AC  24170.53427987  .00000213  00000+0  25662-4 0  9991
2 55417  69.9988 230.6615 0003632 267.8484  92.2259 14.98318340 77328
1 55418U 23014AD  24170.55513196  .00000762  00000+0  71610-4 0  9995
2 55418  69.9993 230.7386 0003203 270.0641  90.0151 14.98334959 77327
1 55419U 23014AE  24170.54261090  .00001399  00000+0  12502-3 0  9999
2 55419  69.9986 230.6929 0003203 273.2692  86.8101 14.98334700 76380
1 55420U 23014AF  24170.44620054 -.00000161  00000+0 -56796-5 0  9992
2 55420  69.9985 191.0242 0003241 267.9534  92.1254 14.98322541 78297
1 55421U 23014AG  24170.55096233 -.00000792  00000+0 -58569-4 0  9990
2 55421  69.9996 230.7240 0002958 269.3213  90.7607 14.98333337 77327
1 55422U 23014AH  24170.59684958  .00000154  00000+0  20713-4 0  9992
2 55422  69.9987 230.4754 0003284 268.8634  91.2149 14.98331043 77339
1 55423U 23014AJ  24170.56765847  .00000275  00000+0  30877-4 0  9993
2 55423  69.9989 230.7790 0003137 269.1248  90.9551 14.98331380 77323
1 55425U 23014AL  24170.55930830  .00000219  00000+0  26132-4 0  9997
2 55425  69.9990 230.7528 0003201 268.2858  91.7935 14.98332279 77328
1 55426U 23014AM  24170.57600293  .00000842  00000+0  78360-4 0  9999
2 55426  69.9987 230.8082 0003298 270.6956  89.3825 14.98335917 77326
1 55427U 23014AN  24170.56348033  .00000578  00000+0  56206-4 0  9991
2 55427  69.9989 230.7673 0003297 269.8657  90.2124 14.98334974 77326
1 55428U 23014AP  24170.58435406  .00000436  00000+0  44301-4 0  9991
2 55428  69.9984 230.8383 0003348 269.0931  90.9844 14.98332173 77320
1 55429U 23014AQ  24170.57183163  .00000406  00000+0  41805-4 0  9994
2 55429  69.9985 230.7951 0003219 269.8218  90.2572 14.98332482 77329
1 55430U 23014AR  24170.56370365  .00001023  00000+0  93502-4 0  9994
2 55430  69.9988 250.6250 0003292 268.9657  91.1125 14.98334456 76837
1 55431U 23014AS  24170.58017748  .00000966  00000+0  88703-4 0  9992
2 55431  69.9987 230.8237 0003267 269.4794  90.5991 14.98335181 77327
1 55432U 23014AT  24170.91668981 -.00022280  00000+0 -19043-2 0  9995
2 55432  70.0005 249.7697 0003487 271.1229 161.1907 14.97529610 75947
1 55433U 23014AU  24170.55953221  .00001810  00000+0  15948-3 0  9995
2 55433  69.9995 250.6124 0003298 272.3071  87.7710 14.98328100 76833
1 55434U 23014AV  24170.58040124  .00000510  00000+0  50514-4 0  9993
2 55434  69.9989 250.6830 0003411 269.4063  90.6705 14.98336199 76830
1 55435U 23014AW  24170.57205231  .00000907  00000+0  83758-4 0  9991
2 55435  69.9988 250.6539 0003099 270.7559  89.3245 14.98334583 76832
1 55436U 23014AX  24170.58457647  .00000564  00000+0  55070-4 0  9998
2 55436  69.9991 250.6987 0003322 268.3492  91.7286 14.98332479 76836
1 55437U 23014AY  24170.58512109  .00024215  00000+0  82607-3 0  9998
2 55437  69.9904 229.8362 0001268 187.0453 173.0705 15.30285958 77351
1 55438U 23014AZ  24170.56740170 -.00002812  00000+0 -22797-3 0  9993
2 55438  69.9981 210.5220 0003539 270.6664  89.4090 14.98331710 77823
1 55439U 23014BA  24170.58874827  .00000981  00000+0  90014-4 0  9994
2 55439  69.9991 250.7148 0003182 271.2266  88.8529 14.98335030 76838
1 55628U 23021A   24170.59408516  .00000518  00000+0  51213-4 0  9995
2 55628  70.0000 350.7175 0002971 271.7761  88.3058 14.98330136 74060
1 55629U 23021B   24170.59825764  .00000481  00000+0  48129-4 0  9995
2 55629  70.0002 350.7330 0003018 271.1191  88.9622 14.98332979 74060
1 55630U 23021C   24170.58991574 -.00002115  00000+0 -16956-3 0  9999
2 55630  69.9997 350.7019 0003026 269.0709  91.0103 14.98324775 74060
1 55631U 23021D   24170.83190121  .00000995  00000+0  91165-4 0  9995
2 55631  69.9999 349.9398 0003061 266.9387  93.1422 14.98329239 73808
1 55632U 23021E   24170.58156077  .00000656  00000+0  62795-4 0  9991
2 55632  70.0002 350.6700 0003020 269.9261  90.1552 14.98330384 74065
1 55633U 23021F   24170.57738674  .00001176  00000+0  10635-3 0  9993
2 55633  70.0000 350.6566 0002996 269.4623  90.6193 14.98330354 74065
1 55634U 23021G   24170.84876312  .00000753  00000+0  70923-4 0  9993
2 55634  70.0002 349.9994 0003068 270.6311  89.4496 14.98332897 73800
1 55635U 23021H   24170.56046648  .00000511  00000+0  50655-4 0  9996
2 55635  70.0008 330.7297 0003031 268.6630  91.4182 14.98332734 74550
1 55636U 23021J   24170.56904125 -.00000416  00000+0 -27038-4 0  9995
2 55636  70.0001 350.6287 0003074 270.4916  89.5891 14.98341684 73760
1 55637U 23021K   24170.84420144  .00000056  00000+0  12485-4 0  9999
2 55637  70.0004 330.1108 0003028 270.7140  89.3672 14.98332113 74291
1 55638U 23021L   24170.84025176  .00001671  00000+0  14781-3 0  9990
2 55638  70.0000 349.9693 0003033 269.3570  90.7241 14.98328560 73807
1 55639U 23021M   24170.82349487  .00000197  00000+0  24264-4 0  9993
2 55639  70.0006 330.0391 0002911 268.4683  91.6143 14.98333860 74293
1 55640U 23021N   24170.61887817  .00000036  00000+0  10840-4 0  9993
2 55640  70.0006 330.5269 0002966 269.3255  90.7564 14.98330940 74562
1 55641U 23021P   24170.82766945  .00000466  00000+0  46854-4 0  9996
2 55641  70.0006 330.0541 0002906 269.6063  90.4763 14.98333641 74294
1 55642U 23021Q   24170.91668981  .00941012  42289-3  19991-2 0  9998
2 55642  69.9957 316.1359 0003690 279.2003 116.7444 15.98600754 74630
1 55643U 23021R   24170.58968822 -.00000186  00000+0 -78135-5 0  9998
2 55643  70.0000 330.8213 0003023 270.1824  89.8988 14.98331899 74550
1 55644U 23021S   24170.56881418  .00001507  00000+0  13411-3 0  9992
2 55644  70.0004 330.7546 0002974 277.9424  82.1398 14.98324471 74254
1 55645U 23021T   24170.91668981  .00530102  00000+0  34427-1 0  9996
2 55645  70.0007 329.7019 0003145 271.3271 323.9217 15.05590653 74308
1 55646U 23021U   24170.84837713  .00000400  00000+0  41327-4 0  9993
2 55646  69.9998 330.1240 0003113 269.2449  90.8353 14.98330904 74296
1 55647U 23021V   24170.60218087  .00000456  00000+0  46004-4 0  9993
2 55647  70.0000 330.4677 0003182 271.4615  88.6180 14.98331002 74560
1 55648U 23021W   24170.83167550  .00001929  00000+0  16939-3 0  9996
2 55648  70.0003 330.0677 0003223 274.2608  85.8182 14.98338536 74299
1 55649U 23021X   24170.87756587  .00000889  00000+0  82274-4 0  9995
2 55649  70.0005 329.8234 0003083 271.2573  88.8233 14.98335993 74305
1 55650U 23021Y   24170.62305190  .00000238  00000+0  27743-4 0  9998
2 55650  70.0006 330.5427 0002990 270.9766  89.1050 14.98332435 74564
1 55651U 23021Z   24170.57298883  .00000064  00000+0  13169-4 0  9997
2 55651  70.0009 330.7702 0002913 268.2632  91.8193 14.98331086 74258
1 55652U 23021AA  24170.61470481  .00000222  00000+0  26422-4 0  9991
2 55652  70.0004 330.5124 0003077 271.3117  88.7689 14.98330646 74565
1 55653U 23021AB  24170.59800713  .00000636  00000+0  61086-4 0  9998
2 55653  69.9995 330.4531 0003234 268.1592  91.9197 14.98329829 74560
1 55654U 23021AC  24170.58551137  .00000743  00000+0  70055-4 0  9996
2 55654  70.0003 330.8130 0003036 270.0354  90.0457 14.98331556 74559
1 55655U 23021AD  24170.82310380  .00000828  00000+0  77207-4 0  9997
2 55655  70.0005 310.1630 0003165 272.3210  87.7586 14.98336544 74780
1 55656U 23021AE  24170.59817226  .00000817  00000+0  76222-4 0  9997
2 55656  69.9999 330.4530 0003085 271.0576  89.0230 14.98331324 74564
1 55657U 23021AF  24170.56441447  .00002363  00000+0  20579-3 0  9994
2 55657  69.9998 310.8648 0003134 276.9723  83.1080 14.98322218 74749
1 55658U 23021AG  24170.60635524  .00000657  00000+0  62815-4 0  9995
2 55658  70.0004 330.4824 0003072 271.2024  88.8783 14.98331644 74563
1 55659U 23021AH  24170.56024198  .00000106  00000+0  16641-4 0  9995
2 55659  70.0003 310.8507 0003121 268.5896  91.4905 14.98330760 75042
1 55660U 23021AJ  24170.58793167  .00000427  00000+0  42736-4 0  9998
2 55660  70.0001 310.5535 0002972 269.1550  90.9269 14.99136689 75050
1 55661U 23021AK  24170.61030574  .00000787  00000+0  73773-4 0  9993
2 55661  70.0006 310.6244 0003203 272.1787  87.9006 14.98332397 75056
1 55662U 23021AL  24170.63534859  .00000831  00000+0  77438-4 0  9993
2 55662  70.0001 310.7234 0002957 269.5671  90.5149 14.98336099 75050
1 55663U 23021AM  24170.80223532  .00000657  00000+0  62832-4 0  9994
2 55663  70.0003 310.0890 0003074 270.1275  89.9532 14.98333949 74781
1 55664U 23021AN  24170.81893219  .00000639  00000+0  61378-4 0  9995
2 55664  70.0003 310.1481 0003209 268.2009  91.8782 14.98333233 74787
1 55665U 23021AP  24170.59778495  .00000229  00000+0  26974-4 0  9997
2 55665  70.0004 310.5808 0003006 269.8034  90.2781 14.98327683 75051
1 55667U 23021AR  24170.59377524 -.00001408  00000+0 -11018-3 0  9991
2 55667  70.0018 310.5667 0003135 269.2737  90.8063 14.98342640 75057
1 55668U 23021AS  24170.81475282  .00001324  00000+0  11867-3 0  9994
2 55668  70.0001 310.1328 0003108 271.6794  88.4009 14.98339924 74783
1 55669U 23021AT  24170.80643114  .00011284  00000+0  95159-3 0  9997
2 55669  70.0012 310.1034 0003021 271.7255  88.3558 14.98343901 74785
1 55670U 23021AU  24170.59361016  .00000481  00000+0  48099-4 0  9992
2 55670  70.0001 310.5649 0003050 271.2601  88.8209 14.98330028 75058
1 55671U 23021AV  24170.63968789  .00001267  00000+0  11392-3 0  9996
2 55671  69.9999 310.7159 0003090 271.1613  88.9193 14.98333082 75052
1 55672U 23021AW  24170.91668981  .00490916  00000+0  30981-1 0  9995
2 55672  70.0004 308.0843 0003219 269.9086  95.2835 15.06839109 74846
1 55673U 23021AX  24170.58943700  .00000666  00000+0  63620-4 0  9992
2 55673  70.0000 310.5486 0003058 268.6418  91.4391 14.98327180 75050
1 55674U 23021AY  24170.58108578  .00000642  00000+0  61562-4 0  9996
2 55674  70.0003 310.5202 0003017 267.9800  92.1013 14.98331255 75059
1 55675U 23021AZ  24170.63949669  .00000440  00000+0  44705-4 0  9993
2 55675  70.0000 310.3251 0003059 267.2849  92.7960 14.98333331 75066
1 55676U 23021BA  24170.59754592  .00001722  00000+0  15202-3 0  9991
2 55676  69.9999 290.7049 0003015 267.6420  92.4394 14.98345900 75544
1 55677U 23021BB  24170.57668881  .00000400  00000+0  41319-4 0  9996
2 55677  69.9997 290.6288 0003205 271.8689  88.2103 14.98331875 75549
1 55678U 23021BC  24170.58525855  .00000391  00000+0  40518-4 0  9990
2 55678  70.0001 310.5330 0003067 268.3335  91.7473 14.98333232 75058
1 55741U 23028A   24170.78648689 -.00001039  00000+0 -79348-4 0  9996
2 55741  70.0003  30.2639 0003041 269.7565  90.3246 14.98319377 71829
1 55742U 23028B   24170.32334081  .00000270  00000+0  30400-4 0  9995
2 55742  70.0004  31.4568 0002906 269.7515  90.3311 14.98331205 71769
1 55743U 23028C   24170.86159218  .00000792  00000+0  74134-4 0  9993
2 55743  70.0003  30.1247 0002888 268.0918  91.9910 14.98333980 71840
1 55744U 23028D   24170.85758450  .00000098  00000+0  15983-4 0  9992
2 55744  70.0004  30.1104 0002990 267.3638  92.7179 14.98330330 71841
1 55745U 23028E   24170.32204715  .00000301  00000+0  32425-4 0  9992
2 55745  70.0000  31.4524 0003025 270.1722  89.9091 14.99140088 71766
1 55746U 23028F   24170.89496232  .00005135  00000+0  43780-3 0  9997
2 55746  70.0014  29.8382 0002565 268.0378  92.0488 14.98335093 71852
1 55747U 23028G   24170.04377463 -.00001620  00000+0 -12799-3 0  9992
2 55747  69.9997  32.0844 0003092 266.6481  93.4324 14.98340865 71727
1 55748U 23028H   24170.57368248 -.00001410  00000+0 -11039-3 0  9995
2 55748  70.0009  30.7227 0003195 269.1143  90.9650 14.98332035 71805
1 55749U 23028J   24170.89913065  .00000973  00000+0  89282-4 0  9991
2 55749  70.0002  29.8538 0003006 269.8722  90.2092 14.98334997 71851
1 55750U 23028K   24170.83655030  .00000564  00000+0  55032-4 0  9994
2 55750  70.0001  30.0332 0003060 262.9067  97.1744 14.98343100 71849
1 55751U 23028L   24170.31499325  .00001031  00000+0  94193-4 0  9992
2 55751  70.0002  31.4250 0003016 267.1621  92.9193 14.98331445 71760
1 55752U 23028M   24170.87826092  .00000638  00000+0  61217-4 0  9992
2 55752  69.9998  29.7805 0003164 269.6701  90.4096 14.98333832 71855
1 55753U 23028N   24170.36104552 -.00000170  00000+0 -64848-5 0  9994
2 55753  70.0000  31.1853 0002963 268.9545  91.1275 14.98332012 71774
1 55754U 23028P   24170.81987213 -.00000465  00000+0 -31196-4 0  9994
2 55754  69.9999  29.9792 0003379 268.1249  91.9522 14.98317315 71841
1 55755U 23028Q   24170.34017543  .00000247  00000+0  28515-4 0  9990
2 55755  70.0002  31.1058 0002939 269.5907  90.4915 14.98329524 71774
1 55756U 23028R   24170.86991314  .00000682  00000+0  64901-4 0  9997
2 55756  70.0002  29.7501 0002974 269.6701  90.4117 14.98333642 71852
1 55757U 23028S   24170.89078411  .00000961  00000+0  88352-4 0  9991
2 55757  69.9999  29.8251 0003064 269.7380  90.3428 14.98332440 71852
1 55758U 23028T   24170.88241977  .00002624  00000+0  22748-3 0  9994
2 55758  69.9995  29.7947 0003194 269.1143  90.9650 14.98348790 71853
1 55759U 23028U   24170.61517452  .00000552  00000+0  54066-4 0  9997
2 55759  70.0000  10.6295 0003126 269.6995  90.3806 14.98332217 72309
1 55760U 23028V   24170.33166320  .00000213  00000+0  25644-4 0  9996
2 55760  70.0005  31.0839 0002826 268.7019  91.3817 14.98330541 71771
1 55761U 23028W   24170.84483411  .00001015  00000+0  92834-4 0  9992
2 55761  70.0000  10.1844 0003050 269.5600  90.5210 14.98338960 72330
1 55762U 23028X   24170.83215128 -.00000356  00000+0 -22029-4 0  9998
2 55762  69.9994  10.1407 0003123 270.6357  89.4444 14.98328325 72338
1 55763U 23028Y   24170.34001031  .00000408  00000+0  41948-4 0  9998
2 55763  70.0003  31.1124 0002934 269.2279  90.8544 14.98330254 71776
1 55764U 23028Z   24170.83632089  .00001216  00000+0  10966-3 0  9999
2 55764  69.9995  10.1548 0003040 269.6914  90.3897 14.98334763 72338
1 55765U 23028AA  24170.84049805 -.00000022  00000+0  59121-5 0  9992
2 55765  69.9996  10.1697 0003065 269.5247  90.5561 14.98331124 72327
1 55766U 23028AB  24170.81978979  .00000977  00000+0  89676-4 0  9998
2 55766  70.0002  10.0957 0003176 268.6103  91.4692 14.98334264 72324
1 55767U 23028AC  24170.57763202  .00000503  00000+0  49968-4 0  9998
2 55767  69.9995  10.8582 0003075 270.5187  89.5619 14.98329975 72293
1 55768U 23028AD  24170.82797789 -.00000112  00000+0 -16002-5 0  9996
2 55768  69.9997  10.1228 0003035 268.9184  91.1628 14.98330470 72325
1 55769U 23028AE  24170.82380183  .00000262  00000+0  29750-4 0  9990
2 55769  70.0001  10.1106 0003050 268.1805  91.9005 14.98329531 72322
1 55770U 23028AF  24170.81962339  .00001250  00000+0  11249-3 0  9991
2 55770  70.0001  10.0948 0003000 270.2490  89.8325 14.98336880 72322
1 55771U 23028AG  24170.81127332 -.00001784  00000+0 -14174-3 0  9992
2 55771  69.9995  10.0660 0003303 270.1413  89.9368 14.98334892 72333
1 55772U 23028AH  24170.59446566  .00002159  00000+0  18872-3 0  9995
2 55772  70.0002  10.5113 0002845 272.9182  87.1651 14.98325294 72305
1 55773U 23028AJ  24170.61116110  .00000193  00000+0  23944-4 0  9991
2 55773  70.0004  10.5723 0003040 268.3597  91.7214 14.98334036 72302
1 55774U 23028AK  24170.60682334 -.00000040  00000+0  44559-5 0  9995
2 55774  70.0004  10.5565 0003251 268.1661  91.9126 14.98330637 72308
1 55775U 23028AL  24170.80292663  .00000475  00000+0  47596-4 0  9994
2 55775  70.0002  10.0366 0003049 268.4913  91.5897 14.98334383 72335
1 55776U 23028AM  24170.84881865  .00000165  00000+0  21617-4 0  9999
2 55776  69.9996   9.7953 0003041 271.2412  88.8399 14.98332197 72348
1 55777U 23028AN  24170.66106123 -.00000288  00000+0 -16353-4 0  9996
2 55777  69.9998  10.3413 0003250 270.9767  89.1020 14.98329824 72316
1 55778U 23028AP  24170.85716391  .00000886  00000+0  82003-4 0  9999
2 55778  70.0004   9.8241 0003031 270.2844  89.7967 14.98335137 72349
1 55779U 23028AQ  24170.82772287  .00000459  00000+0  46268-4 0  9992
2 55779  70.0004 349.8422 0002970 269.6059  90.4760 14.98332551 72830
1 55780U 23028AR  24170.85299718  .00007529  00000+0  63854-3 0  9994
2 55780  70.0003   9.8074 0002868 269.1642  90.9188 14.98303710 72346
1 55781U 23028AS  24170.59847747  .00000477  00000+0  47803-4 0  9999
2 55781  70.0003  10.5616 0003051 267.7866  92.2944 14.98332236 72301
1 55782U 23028AT  24170.82374252  .00000107  00000+0  16775-4 0  9996
2 55782  70.0006 350.2339 0002822 267.8495  92.2340 14.98330425 72820
1 55783U 23028AU  24170.82357346  .00000689  00000+0  65521-4 0  9990
2 55783  70.0008 350.2328 0002784 269.0169  91.0671 14.98335358 72824
1 55784U 23028AV  24170.80704128 -.00001262  00000+0 -97980-4 0  9997
2 55784  70.0001 350.1751 0003014 269.0434  91.0379 14.98338772 72827
1 55785U 23028AW  24170.61912059  .00000532  00000+0  52385-4 0  9998
2 55785  70.0003 350.7234 0003058 266.9636  93.1173 14.98333972 72798
1 55786U 23028AX  24170.60660017 -.00000208  00000+0 -96658-5 0  9996
2 55786  70.0004 350.6790 0003016 269.6761  90.4053 14.98329893 72793
1 55787U 23028AY  24170.61494777  .00000773  00000+0  72611-4 0  9993
2 55787  69.9997 350.7078 0003178 271.6954  88.3841 14.98330513 72790
1 55788U 23028AZ  24170.61079594 -.00002626  00000+0 -21245-3 0  9997
2 55788  70.0007 350.6938 0002815 274.8227  85.2611 14.98312467 72794
1 55789U 23028BA  24170.58573058  .00000037  00000+0  10881-4 0  9995
2 55789  69.9999 350.6041 0003008 269.3283  90.7532 14.98329820 72797
1 55790U 23028BB  24170.59006150 -.00000475  00000+0 -32054-4 0  9996
2 55790  69.9997 350.6215 0003120 271.9794  88.1007 14.98324106 72791
1 55791U 23028BC  24170.60242580  .00000042  00000+0  11286-4 0  9990
2 55791  70.0001 350.6646 0003015 271.4817  88.5997 14.98330942 72790
1 55914U 23037A   24170.81223035  .00001606  00000+0  14239-3 0  9991
2 55914  69.9991  90.2343 0003224 272.2263  87.8527 14.98328813 69622
1 55915U 23037B   24170.52847864 -.00000426  00000+0 -27884-4 0  9994
2 55915  69.9998  90.8486 0002833 267.1732  92.9103 14.98335983 69930
1 55916U 23037C   24170.80804384  .00000820  00000+0  76542-4 0  9997
2 55916  70.0001  90.2198 0002803 273.6665  86.4173 14.98329826 69627
1 55917U 23037D   24170.48307284  .00027730  00000+0  16339-2 0  9994
2 55917  69.9990  83.1490 0003877 229.2880 130.7949 15.11496814 69437
1 55918U 23037E   24170.87063404  .00000516  00000+0  51048-4 0  9992
2 55918  70.0002  90.0380 0002872 273.0874  86.9956 14.98326289 69638
1 55919U 23037F   24170.52864727 -.00000331  00000+0 -19934-4 0  9997
2 55919  69.9997  90.8497 0003050 265.1688  94.9123 14.98334429 69247
1 55920U 23037G   24170.86623581 -.00003926  00000+0 -32138-3 0  9990
2 55920  69.9997  70.1398 0003127 271.2097  88.8704 14.98331511 70122
1 55921U 23037H   24170.84559207  .00002585  00000+0  22445-3 0  9990
2 55921  69.9993  89.9478 0002998 269.4683  90.6132 14.98312024 69639
1 55922U 23037J   24170.51596105 -.00000445  00000+0 -29496-4 0  9992
2 55922  69.9993  90.8037 0002988 267.8366  92.2451 14.98330512 69242
1 55923U 23037K   24170.85393694  .00000743  00000+0  70102-4 0  9997
2 55923  69.9994  89.9764 0003027 267.8528  92.2284 14.98323447 69631
1 55924U 23037L   24170.46149869  .00000542  00000+0  53183-4 0  9995
2 55924  69.9997  71.1347 0002869 268.2505  91.8325 14.98327470 69729
1 55925U 23037M   24170.84141685  .00000638  00000+0  61283-4 0  9992
2 55925  69.9997  89.9328 0002785 266.4004  93.6836 14.98323564 69634
1 55926U 23037N   24170.85371295  .00000778  00000+0  72976-4 0  9992
2 55926  70.0002  70.0986 0002995 270.0377  90.0439 14.98325546 70121
1 55927U 23037P   24170.83322779  .00000704  00000+0  66785-4 0  9994
2 55927  69.9998  89.9044 0002834 267.8635  92.2200 14.98329313 69630
1 55928U 23037Q   24170.49508878 -.00000444  00000+0 -29427-4 0  9998
2 55928  70.0002  90.7299 0002715 268.7510  91.3338 14.98331964 69246
1 55929U 23037R   24170.23221951  .00000650  00000+0  62280-4 0  9996
2 55929  70.0003  91.4177 0002779 269.7724  90.3116 14.98334630 69201
1 55930U 23037S   24170.42393064 -.00000528  00000+0 -36417-4 0  9993
2 55930  70.0002  71.0086 0002932 272.2758  87.8065 14.98335992 69725
1 55931U 23037T   24170.49091646 -.00000130  00000+0 -31401-5 0  9990
2 55931  70.0001  90.7159 0002823 266.7046  93.3790 14.98333822 69245
1 55932U 23037U   24170.91605145 -.00002031  00000+0 -16258-3 0  9996
2 55932  70.0002  49.6317 0002904 269.9081  90.1745 14.98314443 70638
1 55933U 23037V   24170.78277492  .00001442  00000+0  12859-3 0  9998
2 55933  70.0004  70.2542 0002884 267.1987  92.8842 14.98330337 70113
1 55934U 23037W   24170.42409546 -.00001349  00000+0 -10526-3 0  9994
2 55934  70.0001  71.0050 0002854 271.8548  88.2284 14.98338016 69722
1 55935U 23037X   24170.84536415  .00000321  00000+0  34687-4 0  9999
2 55935  69.9996  70.0690 0002958 268.7472  91.3348 14.98326505 70120
1 55936U 23037Y   24170.92021689 -.00001078  00000+0 -82571-4 0  9998
2 55936  70.0011  49.6480 0002658 260.6837  99.4021 14.98339843 70636
1 55937U 23037Z   24170.44062627 -.00001360  00000+0 -10616-3 0  9997
2 55937  70.0006  71.0638 0002773 271.8472  88.2369 14.98335588 69723
1 55938U 23037AA  24170.43645191 -.00002053  00000+0 -16430-3 0  9990
2 55938  70.0008  71.0499 0002811 268.8402  91.2435 14.98339629 69721
1 55939U 23037AB  24170.42810607  .00001090  00000+0  99101-4 0  9991
2 55939  70.0007  71.0208 0002835 273.8578  86.2257 14.98327036 69720
1 55940U 23037AC  24170.43227714 -.00000585  00000+0 -41267-4 0  9995
2 55940  70.0004  71.0361 0002809 272.4206  87.6632 14.98334090 69723
1 55941U 23037AD  24170.45732549 -.00000568  00000+0 -39811-4 0  9998
2 55941  69.9997  71.1219 0003076 270.8090  89.2717 14.98332663 69721
1 55942U 23037AE  24170.47399422  .00000252  00000+0  28898-4 0  9991
2 55942  70.0002  70.7752 0002815 272.4749  87.6088 14.98332264 69739
1 55943U 23037AF  24170.81614637  .00001399  00000+0  12503-3 0  9996
2 55943  70.0001  69.9643 0002834 271.5616  88.5219 14.98321827 70126
1 55944U 23037AG  24170.81196705  .00000665  00000+0  63480-4 0  9994
2 55944  70.0002  69.9492 0002878 272.6341  87.4488 14.98328949 70123
1 55945U 23037AH  24170.15287881  .00000192  00000+0  23884-4 0  9997
2 55945  69.9999  71.6637 0002964 269.1573  90.9247 14.98335289 69687
1 55946U 23037AJ  24170.82031543 -.00000607  00000+0 -43066-4 0  9991
2 55946  70.0001  69.9790 0002979 269.0494  91.0324 14.98333470 70121
1 55947U 23037AK  24170.60350372  .00000704  00000+0  66828-4 0  9999
2 55947  69.9997  70.4252 0002947 267.8708  92.2113 14.98330639 69752
1 55948U 23037AL  24170.83695175  .00000479  00000+0  47932-4 0  9992
2 55948  70.0002  50.1608 0002917 269.2849  90.7976 14.98332530 70611
1 55949U 23037AM  24170.84096148  .00000958  00000+0  88105-4 0  9998
2 55949  70.0003  50.1756 0003117 271.1506  88.9296 14.98329163 70614
1 55950U 23037AN  24170.82844289  .00000163  00000+0  21455-4 0  9998
2 55950  70.0004  50.1300 0002706 274.0901  85.9948 14.98327048 70617
1 55951U 23037AP  24170.80361800  .00000961  00000+0  88359-4 0  9992
2 55951  69.9997  69.9187 0002763 266.2178  93.8666 14.98328008 70127
1 55952U 23037AQ  24170.83277905  .00000244  00000+0  28282-4 0  9991
2 55952  70.0002  50.1477 0002968 272.7889  87.2931 14.98330435 70613
1 55953U 23037AR  24170.91189953 -.00000152  00000+0 -49594-5 0  9996
2 55953  70.0001  50.0223 0003019 271.2159  88.8654 14.98327135 70626
1 55954U 23037AS  24170.40283556  .00000853  00000+0  79264-4 0  9997
2 55954  69.9996  51.0496 0002950 266.3631  93.7191 14.98327031 70214
1 55955U 23037AT  24170.41953287  .00000439  00000+0  44602-4 0  9992
2 55955  70.0000  51.1081 0003005 268.9441  91.1374 14.98329648 70215
1 55956U 23037AU  24170.86181131  .00000067  00000+0  13426-4 0  9990
2 55956  69.9999  49.8441 0003044 271.9532  88.1279 14.98324469 70623
1 55957U 23037AV  24170.08990614 -.00000040  00000+0  44099-5 0  9992
2 55957  70.0000  51.9653 0003092 270.7667  89.3138 14.98333105 70161
1 55958U 23037AW  24170.41535747  .00000187  00000+0  23478-4 0  9990
2 55958  70.0001  51.0935 0002875 269.1680  90.9149 14.98331451 70210
1 55959U 23037AX  24170.41118559 -.00000468  00000+0 -31450-4 0  9992
2 55959  69.9998  51.0800 0002939 264.8218  95.2606 14.98331598 70212
1 55960U 23037AY  24170.09825186  .00000109  00000+0  16909-4 0  9991
2 55960  70.0000  51.9767 0003095 271.6625  88.4179 14.98334649 70167
1 55961U 23037AZ  24170.39866331 -.00000631  00000+0 -45052-4 0  9995
2 55961  70.0001  51.0376 0002917 269.6843  90.3982 14.98331059 70219
1 55962U 23037BA  24170.83678780  .00000240  00000+0  27883-4 0  9990
2 55962  70.0002  50.1557 0003011 272.8248  87.2566 14.98329787 70615
1 55963U 23037BB  24170.40701158 -.00000761  00000+0 -55967-4 0  9994
2 55963  69.9999  51.0654 0002867 268.4020  91.6811 14.98333060 70210
1 55964U 23037BC  24170.37229022  .00000149  00000+0  21019-4 0  9995
2 55964  70.0004  50.0991 0002825 271.6925  88.3910 14.96715252 70238
1 55965U 23037BD  24170.85763203  .00000553  00000+0  54170-4 0  9996
2 55965  70.0005  49.8296 0002807 271.3167  88.7670 14.98332216 70626
1 56317U 23058A   24170.54534365  .00000607  00000+0  51832-4 0  9994
2 56317  97.6554 171.3006 0002122  92.6762 267.4705 15.01260292 63386
1 56318U 23058B   24170.60829642  .00001934  00000+0  15513-3 0  9996
2 56318  97.6550 171.3706 0003516  88.1744 271.9883 15.01253112 63399
1 56319U 23058C   24170.60644225  .00001112  00000+0  91132-4 0  9999
2 56319  97.6540 171.3724 0003512  84.8577 275.3048 15.01261954 63396
1 56320U 23058D   24170.74554483  .00000514  00000+0  44613-4 0  9999
2 56320  97.6552 171.4973 0002274  91.5145 268.6339 15.01260978 63278
1 56321U 23058E   24170.73419157 -.00036486  00000+0 -28515-2 0  9997
2 56321  97.6513 171.5038 0002908  92.3038 267.8519 15.01247212 63258
1 56322U 23058F   24170.61014520  .00000243  00000+0  23549-4 0  9994
2 56322  97.6551 171.3686 0002796  89.7847 270.3698 15.01260084 63395
1 56323U 23058G   24170.73604722  .00000580  00000+0  49752-4 0  9995
2 56323  97.6524 171.5042 0004346  86.5438 273.6283 15.01257779 63278
1 56324U 23058H   24170.73789223 -.00001099  00000+0 -80943-4 0  9991
2 56324  97.6536 171.5044 0004027  89.0502 271.1183 15.01269305 63270
1 56325U 23058J   24170.59533424  .00000552  00000+0  47610-4 0  9991
2 56325  97.6533 171.3761 0003815  87.9579 272.2082 15.01258061 63746
1 56326U 23058K   24170.53818349 -.00000564  00000+0 -39320-4 0  9992
2 56326  97.6533 171.3070 0003729  89.1775 270.9877 15.01263537 63387
1 56327U 23058L   24170.59001681  .00000879  00000+0  72998-4 0  9997
2 56327  97.6536 171.3811 0001984  92.2616 267.8835 15.01259619 63749
1 56328U 23058M   24170.59718286  .00000537  00000+0  46365-4 0  9994
2 56328  97.6534 171.3742 0002532  91.4392 268.7122 15.01258885 63746
1 56329U 23058N   24170.59348058  .00000086  00000+0  11335-4 0  9999
2 56329  97.6534 171.3778 0003592  88.8736 271.2899 15.01259250 63742
1 56330U 23058P   24170.59742472  .00000089  00000+0  11561-4 0  9993
2 56330  97.6523 171.3777 0002593  66.3757 293.7739 15.01259373 63743
1 56331U 23058Q   24170.58791011 -.00004168  00000+0 -32000-3 0  9990
2 56331  97.6541 171.3841 0001479  99.6935 260.4457 15.01270642 63745
1 56332U 23058R   24170.59903959 -.00000025  00000+0  26536-5 0  9994
2 56332  97.6531 171.3736 0005504  78.4311 281.7531 15.01260880 63746
1 56333U 23058S   24170.58606718  .00000001  00000+0  46901-5 0  9998
2 56333  97.6538 171.3861 0001273 102.3168 257.8199 15.01257577 63742
1 56334U 23058T   24170.58977115  .00000544  00000+0  46932-4 0  9996
2 56334  97.6537 171.3819 0001641  94.1753 265.9659 15.01258952 63741
1 56335U 23058U   24170.58075238  .00000168  00000+0  17653-4 0  9992
2 56335  97.6535 171.3923 0000819 167.5464 192.5780 15.01259555 63746
1 56336U 23058V   24170.59163211  .00001762  00000+0  14177-3 0  9991
2 56336  97.6537 171.3803 0002566  88.1550 271.9968 15.01257597 63745
1 56337U 23058W   24170.58260543  .00000153  00000+0  16474-4 0  9993
2 56337  97.6536 171.3903 0000813 143.0197 217.1084 15.01258917 63745
1 56338U 23058X   24170.71751739  .00000337  00000+0  30804-4 0  9998
2 56338  97.6536 171.5198 0000849 107.3807 252.7510 15.01259990 63273
1 56339U 23058Y   24170.57680306  .00000207  00000+0  20720-4 0  9996
2 56339  97.6534 171.3967 0001173 191.7276 168.3921 15.01259799 63255
1 56340U 23058Z   24170.58236090  .00000182  00000+0  18745-4 0  9992
2 56340  97.6534 171.3905 0000658 136.1082 224.0194 15.01258763 63740
1 56341U 23058AA  24170.58050703  .00000348  00000+0  31718-4 0  9997
2 56341  97.6538 171.3927 0000853 177.7749 182.3479 15.01257685 63741
1 56342U 23058AB  24170.57865604  .00000131  00000+0  14781-4 0  9992
2 56342  97.6535 171.3946 0001195 182.4417 177.6802 15.01259030 63748
1 56343U 23058AC  24170.57124795  .00000275  00000+0  26040-4 0  9992
2 56343  97.6541 171.4038 0001341 189.3065 170.8135 15.01259367 63744
1 56344U 23058AD  24170.57495162  .00000431  00000+0  38116-4 0  9993
2 56344  97.6537 171.3990 0001661 198.6167 161.4996 15.01258151 63748
1 56345U 23058AE  24170.50274416  .00000546  00000+0  47084-4 0  9995
2 56345  97.6542 171.3409 0002411 188.6750 171.4433 15.01258348 63735
1 56346U 23058AF  24170.57309873  .00000383  00000+0  34397-4 0  9991
2 56346  97.6537 171.4012 0001701 195.1477 164.9696 15.01261136 63255
1 56347U 23058AG  24170.70084971  .00000304  00000+0  28270-4 0  9992
2 56347  97.6548 171.5409 0001253 182.0170 178.1049 15.01261155 63278
1 56348U 23058AH  24170.57519444  .00001168  00000+0  95465-4 0  9995
2 56348  97.6532 171.3986 0002001 198.1612 161.9541 15.01267208 63745
1 56349U 23058AJ  24170.76194645  .00000513  00000+0  44559-4 0  9990
2 56349  97.6566 171.6170 0000774 149.8908 210.2361 15.01262956 63289
1 56350U 23058AK  24170.76379769  .00000661  00000+0  56068-4 0  9996
2 56350  97.6557 171.6133 0000657 161.5961 198.5287 15.01262433 63285
1 56351U 23058AL  24170.56014024  .00000492  00000+0  42916-4 0  9994
2 56351  97.6581 171.4246 0001053 109.7919 250.3419 15.01261300 63741
1 56352U 23058AM  24170.76564779  .00000463  00000+0  40616-4 0  9997
2 56352  97.6548 171.6098 0001309 186.1674 173.9534 15.01263187 63285
1 56353U 23058AN  24170.54718161  .00000952  00000+0  78726-4 0  9996
2 56353  97.6553 171.4547 0002124  92.5806 267.5662 15.01257511 63749
1 56354U 23058AP  24170.70109317  .00000222  00000+0  21914-4 0  9999
2 56354  97.6547 171.5410 0001532 182.6509 177.4708 15.01261145 63272
1 56355U 23058AQ  24170.75454382  .00000136  00000+0  15210-4 0  9996
2 56355  97.6571 171.6365 0001843  91.1442 268.9993 15.01265178 63288
1 56356U 23058AR  24170.55643954  .00000834  00000+0  69506-4 0  9992
2 56356  97.6577 171.4352 0001698  90.3782 269.7637 15.01258822 63748
1 56357U 23058AS  24170.55484027  .00006238  00000+0  48997-3 0  9991
2 56357  97.6556 171.4378 0002092 101.2127 258.9333 15.01246461 63747
1 56358U 23058AT  24170.55828889  .00000867  00000+0  72094-4 0  9998
2 56358  97.6579 171.4298 0001591  93.3825 266.7582 15.01260797 63744
1 56359U 23058AU  24170.55297907  .00001120  00000+0  91815-4 0  9995
2 56359  97.6564 171.4437 0001837  92.1178 268.0256 15.01259422 63741
1 56360U 23058AV  24170.55273893  .00009002  00000+0  70534-3 0  9996
2 56360  97.6561 171.4440 0002857  86.2577 273.8974 15.01216756 63748
1 56361U 23058AW  24170.55088472  .00000757  00000+0  63558-4 0  9991
2 56361  97.6558 171.4482 0001893  92.7306 267.4135 15.01258523 63748
1 56362U 23058AX  24170.54903106  .00001085  00000+0  89092-4 0  9997
2 56362  97.6554 171.4514 0002076  91.9517 268.1945 15.01260117 63749
1 56448U 23064A   24170.60606860  .00000785  00000+0  73579-4 0  9992
2 56448  69.9997 290.6699 0003106 268.7719  91.3084 14.98331889 61016
1 56449U 23064B   24170.76029046  .00002608  00000+0  22627-3 0  9998
2 56449  70.0001 290.4070 0003210 265.2398  94.8394 14.98332241 61394
1 56450U 23064C   24170.60189374  .00000620  00000+0  59769-4 0  9994
2 56450  70.0004 290.6560 0002986 267.3000  92.7817 14.98331311 61010
1 56451U 23064D   24170.75612732 -.00000203  00000+0 -92253-5 0  9995
2 56451  69.9997 290.3915 0003097 267.3337  92.7467 14.98326370 61398
1 56452U 23064E   24170.75194458  .00000651  00000+0  62383-4 0  9991
2 56452  70.0003 290.3771 0003031 271.1488  88.9324 14.98333047 61396
1 56453U 23064F   24170.74776448 -.00001397  00000+0 -10928-3 0  9993
2 56453  69.9996 290.3620 0003225 267.2297  92.8493 14.98345470 61391
1 56454U 23064G   24170.59338030  .00000271  00000+0  30487-4 0  9999
2 56454  69.9999 290.6245 0002893 269.0019  91.0809 14.98333694 61019
1 56455U 23064H   24170.58920427 -.00000573  00000+0 -40214-4 0  9992
2 56455  70.0006 290.6087 0003158 264.4089  95.6709 14.98341053 61014
1 56456U 23064J   24170.73524868  .00001202  00000+0  10846-3 0  9994
2 56456  69.9998 290.3167 0003118 269.9085  90.1716 14.98335131 61399
1 56457U 23064K   24170.72706419  .00000278  00000+0  31049-4 0  9999
2 56457  70.0001 290.2882 0002925 268.1403  91.9421 14.98334445 61390
1 56458U 23064L   24170.60590576  .00000045  00000+0  11570-4 0  9991
2 56458  70.0000 290.6678 0003025 270.0700  90.0112 14.98329517 61011
1 56459U 23064M   24170.50591597  .00000753  00000+0  70887-4 0  9997
2 56459  69.9998 290.7192 0002988 272.5463  87.5354 14.98333196 61003
1 56460U 23064N   24170.78531014  .00002723  00000+0  23584-3 0  9997
2 56460  69.9994 290.0887 0003300 269.7106  90.3674 14.98343153 61401
1 56461U 23064P   24170.76861932 -.00000075  00000+0  15202-5 0  9990
2 56461  70.0003 290.0311 0003022 269.4446  90.6367 14.98329334 61400
1 56462U 23064Q   24170.59290566  .00000731  00000+0  69056-4 0  9994
2 56462  69.9992 250.4520 0003103 272.0659  88.0145 14.98332964 62008
1 56463U 23064R   24170.61007634  .00000718  00000+0  67961-4 0  9998
2 56463  70.0002 290.6756 0002958 266.7820  93.3000 14.98334862 61016
1 56464U 23064S   24170.58085759  .00000533  00000+0  52467-4 0  9999
2 56464  69.9997 290.5796 0003018 270.3493  89.7320 14.98333800 61010
1 56465U 23064T   24170.59708107  .00000722  00000+0  68330-4 0  9996
2 56465  69.9994 250.4621 0003109 272.7933  87.2870 14.98330662 62002
1 56466U 23064U   24170.57251117  .00000244  00000+0  28218-4 0  9999
2 56466  69.9997 290.5493 0003086 271.6409  88.4397 14.98330857 61011
1 56467U 23064V   24170.59315555  .00000606  00000+0  58531-4 0  9992
2 56467  70.0000 270.7557 0002994 270.6440  89.4376 14.98335306 61508
1 56468U 23064W   24170.76443693  .00000614  00000+0  59219-4 0  9990
2 56468  70.0002 290.0166 0003030 268.5534  91.5278 14.98337375 61406
1 56469U 23064X   24170.60567654  .00000847  00000+0  78726-4 0  9990
2 56469  69.9995 270.7989 0003370 264.3825  95.6950 14.98335894 61504
1 56470U 23064Y   24170.59733159  .00004069  00000+0  34854-3 0  9998
2 56470  70.0003 270.7685 0003354 271.3964  88.6811 14.98339975 61508
1 56471U 23064Z   24170.65574067  .00000902  00000+0  83388-4 0  9996
2 56471  69.9997 270.5712 0003248 272.2193  87.8595 14.98335476 61875
1 56472U 23064AA  24170.58914868 -.00000793  00000+0 -58662-4 0  9993
2 56472  69.9996 270.7411 0003256 269.9506  90.1280 14.98340412 61507
1 56473U 23064AB  24170.57646116  .00000107  00000+0  16731-4 0  9999
2 56473  69.9995 270.6947 0003002 273.6090  86.4725 14.98331636 61509
1 56474U 23064AC  24170.60150494  .00000600  00000+0  58050-4 0  9991
2 56474  69.9997 270.7839 0003026 267.7290  92.3522 14.98332810 61501
1 56475U 23064AD  24170.56410260  .00001036  00000+0  94627-4 0  9991
2 56475  69.9993 270.6509 0003106 267.0668  93.0135 14.98334712 61862
1 56476U 23064AE  24170.58480877  .00000781  00000+0  73230-4 0  9998
2 56476  69.9997 270.7253 0003215 269.3606  90.7185 14.98332568 61509
1 56477U 23064AF  24170.55992766  .00000230  00000+0  27076-4 0  9997
2 56477  69.9994 270.6366 0003248 267.8664  92.2124 14.98333005 61501
1 56478U 23064AG  24170.57228220  .00000827  00000+0  77068-4 0  9995
2 56478  69.9997 270.6814 0003199 271.1247  88.9545 14.98338566 61509
1 56479U 23064AH  24170.61400107  .00000809  00000+0  75587-4 0  9991
2 56479  69.9992 270.4235 0003212 268.4394  91.6397 14.98332379 61511
1 56480U 23064AJ  24170.58063481 -.00000208  00000+0 -96715-5 0  9991
2 56480  70.0001 270.7115 0003307 268.2895  91.7886 14.98329578 61506
1 56481U 23064AK  24170.62234790  .00001428  00000+0  12749-3 0  9996
2 56481  70.0000 270.4537 0003292 270.3396  89.7386 14.98329638 61873
1 56482U 23064AL  24170.56811114  .00001337  00000+0  11981-3 0  9997
2 56482  69.9996 270.6656 0003206 270.2082  89.8710 14.98333134 61862
1 56483U 23064AM  24170.56393630  .00000849  00000+0  78917-4 0  9996
2 56483  69.9998 270.6469 0003051 270.9313  89.1496 14.98334481 61500
1 56484U 23064AN  24170.55976266  .00001443  00000+0  12865-3 0  9998
2 56484  69.9995 270.6346 0003067 269.3054  90.7753 14.98338046 61508
1 56485U 23064AP  24170.60982719  .00000258  00000+0  29426-4 0  9990
2 56485  69.9995 270.4087 0003113 269.2146  90.8656 14.98332225 61519
1 56486U 23064AQ  24170.61817616  .00000526  00000+0  51883-4 0  9995
2 56486  69.9995 270.4378 0003071 265.5273  94.5536 14.98332068 61519
1 56487U 23064AR  24170.61685479 -.00002092  00000+0 -16395-3 0  9996
2 56487  69.9990 250.5625 0003308 263.8625  96.2158 14.99161297 62362
1 56488U 23064AS  24170.56788534 -.00036580  00000+0 -30578-2 0  9994
2 56488  69.9983 250.7937 0003731 276.0080  84.0654 14.98530305 62358
1 56489U 23064AT  24170.55536606  .00000494  00000+0  49159-4 0  9995
2 56489  69.9992 250.7504 0003147 269.9130  90.1669 14.98332504 61991
1 56490U 23064AU  24170.57623711  .00000925  00000+0  85268-4 0  9993
2 56490  69.9989 250.8200 0003009 271.2219  88.8595 14.98333709 61994
1 56491U 23064AV  24170.55119171 -.00000177  00000+0 -70645-5 0  9997
2 56491  69.9995 250.7349 0003154 262.3598  97.7203 14.98334584 61994
1 56492U 23064AW  24170.61377723  .00000967  00000+0  88785-4 0  9992
2 56492  69.9997 250.5514 0002971 265.5274  94.5545 14.98334130 62005
1 56493U 23064AX  24170.56362980  .00000486  00000+0  48543-4 0  9990
2 56493  69.9996 230.5005 0003227 267.8892  92.1898 14.98332226 62496
1 56494U 23064AY  24170.61394234  .00000384  00000+0  39979-4 0  9994
2 56494  69.9996 250.5519 0003025 266.7081  93.3732 14.98332834 62005
1 56495U 23064AZ  24170.60543408 -.00000415  00000+0 -27027-4 0  9991
2 56495  69.9993 250.5230 0003143 265.4000  94.6800 14.98327736 62006
1 56496U 23064BA  24170.60125458  .00000834  00000+0  77694-4 0  9991
2 56496  69.9991 250.5083 0003117 270.6210  89.4591 14.98335024 62001
1 56497U 23064BB  24170.59724486  .00000754  00000+0  70935-4 0  9998
2 56497  69.9991 250.4945 0003433 272.2948  87.7818 14.98334628 62007
1 56498U 23064BC  24170.60960148  .00001048  00000+0  95574-4 0  9991
2 56498  69.9990 250.5360 0003255 270.3127  89.7660 14.98334096 62005
1 56767U 23078A   24170.32889381  .00000185  00000+0  23278-4 0  9996
2 56767  69.9988 151.3513 0002987 269.2076  90.8741 14.98332732 57912
1 56768U 23078B   24170.25610628  .00001502  00000+0  13098-3 0  9997
2 56768  70.0000 111.3620 0002765 268.2331  91.8512 14.99134862 58893
1 56769U 23078C   24170.38730772  .00000056  00000+0  12451-4 0  9991
2 56769  69.9989 151.1522 0002986 267.3494  92.7323 14.98333034 57929
1 56770U 23078D   24170.39148149 -.00000154  00000+0 -51242-5 0  9998
2 56770  69.9989 151.1684 0003105 271.2939  88.7865 14.98332754 57926
1 56771U 23078E   24170.48676339  .00000072  00000+0  13805-4 0  9995
2 56771  69.9991  91.0659 0002867 271.9884  88.0946 14.98331591 59411
1 56772U 23078F   24170.38312774  .00000530  00000+0  52209-4 0  9995
2 56772  69.9986 151.1377 0003622 267.6152  92.4592 14.98334531 57928
1 56773U 23078G   24170.48276148 -.00002063  00000+0 -16510-3 0  9990
2 56773  70.0009  91.0626 0002488 267.4696  92.6178 14.98339347 59415
1 56774U 23078H   24170.37077054  .00000662  00000+0  63301-4 0  9996
2 56774  69.9989 151.0953 0003103 270.1550  89.9253 14.98336462 57927
1 56775U 23078J   24170.48258856 -.00001081  00000+0 -82806-4 0  9999
2 56775  70.0004  91.0605 0002867 272.7671  87.3159 14.98334945 59411
1 56776U 23078K   24170.57461557 -.00001720  00000+0 -13638-3 0  9990
2 56776  69.9993 110.8626 0002926 264.3587  95.7238 14.98340009 58933
1 56777U 23078L   24170.59988540  .00000540  00000+0  53056-4 0  9995
2 56777  69.9994 130.8179 0002904 266.0883  93.9944 14.98331034 58442
1 56778U 23078M   24170.57046076  .00000191  00000+0  23828-4 0  9999
2 56778  69.9992 110.8476 0002725 268.4291  91.6556 14.98327048 59196
1 56779U 23078N   24170.54540183 -.00002402  00000+0 -19363-3 0  9992
2 56779  70.0006 110.7583 0002759 269.6627  90.4216 14.98317281 58925
1 56780U 23078P   24170.59571673 -.00001041  00000+0 -79479-4 0  9990
2 56780  69.9996 130.8163 0002964 269.4018  90.6802 14.98330173 58444
1 56781U 23078Q   24170.31197389  .00000341  00000+0  36336-4 0  9994
2 56781  69.9993 131.4168 0002967 271.2332  88.8487 14.98333759 58404
1 56782U 23078R   24170.56627317  .00000719  00000+0  68031-4 0  9997
2 56782  69.9990 110.8320 0002873 264.6711  95.4121 14.98323527 58935
1 56783U 23078S   24170.55791905 -.00002094  00000+0 -16773-3 0  9997
2 56783  69.9999 110.8032 0002850 267.6295  92.4538 14.98340833 58938
1 56784U 23078T   24170.56209413 -.00003088  00000+0 -25106-3 0  9991
2 56784  69.9997 110.8180 0002927 256.7580 103.3252 14.98343093 58938
1 56785U 23078U   24170.58736314  .00000021  00000+0  95845-5 0  9990
2 56785  69.9996 130.7731 0002909 270.6523  89.4303 14.98332831 59135
1 56786U 23078V   24170.55374749  .00000442  00000+0  44854-4 0  9998
2 56786  69.9999 110.7886 0002664 265.8896  94.1958 14.98333134 58938
1 56787U 23078W   24170.26165664  .00001502  00000+0  13361-3 0  9997
2 56787  69.9993 111.3755 0003103 269.3495  90.7309 14.98338421 58899
1 56788U 23078X   24170.54957194 -.00001134  00000+0 -87236-4 0  9992
2 56788  70.0000 110.7739 0002836 270.7172  89.3662 14.98336603 59197
1 56789U 23078Y   24170.52430142  .00000323  00000+0  34891-4 0  9996
2 56789  70.0001  90.8050 0003030 265.9511  94.1302 14.98329877 59687
1 56790U 23078Z   24170.79969655  .00000539  00000+0  52947-4 0  9994
2 56790  70.0005  90.1623 0002868 272.2553  87.8278 14.98325374 59721
1 56791U 23078AA  24170.28275453  .00000068  00000+0  13522-4 0  9998
2 56791  69.9992 131.3182 0003273 268.9264  91.1520 14.98332260 58408
1 56792U 23078AB  24170.85857831  .00000490  00000+0  48874-4 0  9995
2 56792  69.9996 130.1148 0002890 272.5819  87.5009 14.98329271 58749
1 56793U 23078AC  24170.63325476 -.00000256  00000+0 -13668-4 0  9992
2 56793  69.9992 130.5318 0002943 268.7331  91.3491 14.98328634 58711
1 56794U 23078AD  24170.54122535 -.00000029  00000+0  53801-5 0  9995
2 56794  70.0003 110.7431 0002776 272.0388  88.0453 14.98331160 58931
1 56795U 23078AE  24170.25330996 -.00002627  00000+0 -21244-3 0  9997
2 56795  69.9993 111.3423 0002919 272.1498  87.9326 14.98337960 58893
1 56796U 23078AF  24170.31614722  .00000376  00000+0  39317-4 0  9995
2 56796  69.9993 131.4319 0002968 270.3579  89.7240 14.98336688 58403
1 56797U 23078AG  24170.32157160  .00000014  00000+0  91278-5 0  9999
2 56797  69.9991 131.4452 0002915 269.8913  90.1911 14.97527119 58408
1 56798U 23078AH  24170.27000778  .00000488  00000+0  48656-4 0  9992
2 56798  70.0002 111.4022 0002735 271.4394  88.6451 14.98334069 59568
1 56799U 23078AJ  24170.87960056  .00001044  00000+0  95276-4 0  9992
2 56799  69.9993 129.7846 0003057 266.9338  93.1471 14.98328192 58759
1 56800U 23078AK  24170.30779965  .00000585  00000+0  56848-4 0  9991
2 56800  69.9994 131.4019 0002892 269.6858  90.3970 14.98332054 58405
1 56801U 23078AL  24170.25749014  .00000203  00000+0  24845-4 0  9997
2 56801  69.9995 111.3572 0002786 269.9031  90.1809 14.98330831 58899
1 56802U 23078AM  24170.54138844 -.00001634  00000+0 -12916-3 0  9999
2 56802  70.0001 110.7488 0002843 271.2866  88.7968 14.98338921 58938
1 56803U 23078AN  24170.29527637  .00001069  00000+0  97358-4 0  9998
2 56803  69.9990 131.3584 0002977 267.4663  92.6155 14.98332187 58401
1 56804U 23078AP  24170.53287556  .00000170  00000+0  22003-4 0  9996
2 56804  69.9999 110.7137 0002945 272.8355  87.2467 14.98331980 59608
1 56805U 23078AQ  24170.26600805  .00000877  00000+0  81303-4 0  9995
2 56805  70.0000 111.3867 0002791 270.3505  89.7334 14.98323033 58891
1 56806U 23078AR  24170.84157781  .00000410  00000+0  42130-4 0  9998
2 56806  70.0004  89.9049 0002826 268.9651  91.1185 14.98324228 59734
1 56807U 23078AS  24170.58293875  .00000452  00000+0  45686-4 0  9990
2 56807  69.9992 110.4865 0002919 267.7140  92.3685 14.98330407 58943
1 56808U 23078AT  24170.16761600 -.00000204  00000+0 -42373-5 0  9999
2 56808  69.9994  77.9320 0002653 268.0062  92.0804 15.19261290 59714
1 56809U 23078AU  24170.87525184  .00000267  00000+0  30162-4 0  9992
2 56809  69.9995 129.7706 0002856 267.2126  92.8706 14.98326825 58751
1 56810U 23078AV  24170.29110371  .00000307  00000+0  33552-4 0  9999
2 56810  69.9993 131.3438 0002849 267.8352  92.2481 14.98329695 58405
1 56811U 23078AW  24170.16963396  .00000029  00000+0  10222-4 0  9999
2 56811  70.0000  91.5694 0002774 266.7821  93.3021 14.98330849 59377
1 56812U 23078AX  24170.25765404  .00000750  00000+0  70656-4 0  9998
2 56812  69.9997 111.3633 0002823 269.5199  90.5636 14.98330121 58898
1 56813U 23078AY  24170.87124030  .00000210  00000+0  25423-4 0  9994
2 56813  69.9993 129.7561 0002896 269.8903  90.1924 14.98328147 58750
1 56814U 23078AZ  24170.87944088 -.00000601  00000+0 -42626-4 0  9998
2 56814  69.9993 129.7842 0003567 265.7848  94.2904 14.98317312 58757
1 56815U 23078BA  24170.30361252  .00001927  00000+0  16917-3 0  9996
2 56815  69.9993 131.4925 0003309 269.0952  90.9828 14.98346776 58403
1 56816U 23078BB  24170.57876906 -.00001301  00000+0 -10125-3 0  9996
2 56816  69.9994 110.4721 0002735 270.0931  89.9914 14.98337836 58947
1 56817U 23078BC  24170.28693271 -.00000485  00000+0 -32874-4 0  9995
2 56817  69.9993 131.3284 0002822 267.9815  92.1021 14.98329024 58402
1 56818U 23078BD  24170.60403424  .00000208  00000+0  25206-4 0  9993
2 56818  69.9994 130.4277 0002785 269.4313  90.6527 14.98332045 59147
